9.26718e-01
1.03512e+00
1.15005e+00
1.26913e+00
1.38850e+00
1.49749e+00
1.56373e+00
1.57507e+00
1.57784e+00
1.58035e+00
1.57684e+00
1.58663e+00
1.58375e+00
1.58421e+00
1.57808e+00
1.58412e+00
1.58076e+00
1.58169e+00
1.57957e+00
1.58333e+00
1.59182e+00
1.58667e+00
1.58298e+00
1.58041e+00
1.58336e+00
1.57933e+00
1.57675e+00
1.57347e+00
1.57942e+00
1.57915e+00
1.58368e+00
1.57857e+00
1.58128e+00
1.58067e+00
1.57662e+00
1.57818e+00
1.58131e+00
1.58034e+00
1.58276e+00
1.58847e+00
1.58629e+00
1.58775e+00
1.58292e+00
1.57918e+00
1.57981e+00
1.58046e+00
1.58089e+00
1.58068e+00
1.58125e+00
1.58074e+00
1.58080e+00
1.58201e+00
1.57839e+00
1.58661e+00
1.58020e+00
1.58329e+00
1.58627e+00
1.58839e+00
1.58861e+00
1.58344e+00
1.59099e+00
1.59023e+00
1.58364e+00
1.58047e+00
1.57944e+00
1.58059e+00
1.57616e+00
1.57462e+00
1.57869e+00
1.58311e+00
1.58305e+00
1.58493e+00
1.58886e+00
1.58477e+00
1.58964e+00
1.59177e+00
1.57904e+00
1.57359e+00
1.58649e+00
1.58250e+00
1.58182e+00
1.58722e+00
1.58401e+00
1.57904e+00
1.58510e+00
1.57842e+00
1.58165e+00
1.58077e+00
1.57578e+00
1.57459e+00
1.57667e+00
1.58114e+00
1.56855e+00
1.52955e+00
1.46783e+00
1.39622e+00
1.28904e+00
1.15083e+00
9.41902e-01
5.82076e-01
