0.00000e+00 0.00000e+00 0.00000e+00
1.01010e-02 4.00694e-01 0.00000e+00
2.02020e-02 1.60278e+00 0.00000e+00
3.03030e-02 3.60625e+00 0.00000e+00
4.04040e-02 6.41110e+00 0.00000e+00
5.05051e-02 1.00173e+01 1.67145e-12
6.06061e-02 1.44250e+01 3.63751e-10
7.07071e-02 1.96340e+01 4.51218e-09
8.08081e-02 2.56444e+01 2.42333e-08
9.09091e-02 3.24562e+01 8.85982e-08
1.01010e-01 4.00694e+01 2.55967e-07
1.11111e-01 4.84840e+01 6.33652e-07
1.21212e-01 5.76999e+01 1.40299e-06
1.31313e-01 6.77173e+01 2.88081e-06
1.41414e-01 7.85360e+01 5.47411e-06
1.51515e-01 9.01561e+01 1.00046e-05
1.61616e-01 1.02578e+02 1.75209e-05
1.71717e-01 1.15801e+02 2.97528e-05
1.81818e-01 1.29825e+02 4.94980e-05
1.91919e-01 1.44650e+02 8.14582e-05
2.02020e-01 1.60277e+02 1.32104e-04
2.12121e-01 1.76706e+02 2.16632e-04
2.22222e-01 1.93935e+02 3.64369e-04
2.32323e-01 2.11966e+02 6.62446e-04
2.42424e-01 2.30793e+02 6.10278e-03
