0.00000e+00 0.00000e+00 0.00000e+00
1.01010e-02 4.00706e-01 0.00000e+00
2.02020e-02 1.60283e+00 0.00000e+00
3.03030e-02 3.60636e+00 0.00000e+00
4.04040e-02 6.41130e+00 0.00000e+00
5.05051e-02 1.00177e+01 0.00000e+00
6.06061e-02 1.44254e+01 0.00000e+00
7.07071e-02 1.96346e+01 0.00000e+00
8.08081e-02 2.56452e+01 0.00000e+00
9.09091e-02 3.24572e+01 0.00000e+00
1.01010e-01 4.00706e+01 0.00000e+00
1.11111e-01 4.84855e+01 0.00000e+00
1.21212e-01 5.77017e+01 0.00000e+00
1.31313e-01 6.77194e+01 0.00000e+00
1.41414e-01 7.85384e+01 0.00000e+00
1.51515e-01 9.01589e+01 0.00000e+00
1.61616e-01 1.02581e+02 0.00000e+00
1.71717e-01 1.15804e+02 0.00000e+00
1.81818e-01 1.29829e+02 0.00000e+00
1.91919e-01 1.44655e+02 0.00000e+00
2.02020e-01 1.60283e+02 0.00000e+00
2.12121e-01 1.76711e+02 0.00000e+00
2.22222e-01 1.93942e+02 0.00000e+00
2.32323e-01 2.11974e+02 0.00000e+00
2.42424e-01 2.30807e+02 0.00000e+00
2.52525e-01 2.50441e+02 0.00000e+00
2.62626e-01 2.70877e+02 0.00000e+00
2.72727e-01 2.92115e+02 0.00000e+00
2.82828e-01 3.14154e+02 0.00000e+00
2.92929e-01 3.36994e+02 0.00000e+00
3.03030e-01 3.60636e+02 0.00000e+00
3.13131e-01 3.85079e+02 0.00000e+00
3.23232e-01 4.10323e+02 0.00000e+00
3.33333e-01 4.36369e+02 0.00000e+00
3.43434e-01 4.63217e+02 1.07617e-10
3.53535e-01 4.90865e+02 2.18420e-09
3.63636e-01 5.19315e+02 1.28751e-08
3.73737e-01 5.48567e+02 4.59550e-08
3.83838e-01 5.78620e+02 1.70707e-07
3.93939e-01 6.09474e+02 4.31940e-07
4.04040e-01 6.41130e+02 1.25152e-06
4.14141e-01 6.73587e+02 2.48855e-06
4.24242e-01 7.06846e+02 4.57766e-06
4.34343e-01 7.40906e+02 7.39713e-06
4.44444e-01 7.75767e+02 1.14181e-05
4.54545e-01 8.11430e+02 1.69609e-05
4.64646e-01 8.47895e+02 2.44244e-05
4.74747e-01 8.85160e+02 3.42864e-05
4.84848e-01 9.23227e+02 4.72109e-05
4.94949e-01 9.62096e+02 6.35091e-05
5.05051e-01 1.00177e+03 8.42864e-05
5.15152e-01 1.04224e+03 1.10141e-04
5.25253e-01 1.08351e+03 1.42099e-04
5.35354e-01 1.12558e+03 1.81276e-04
5.45455e-01 1.16846e+03 2.28964e-04
5.55556e-01 1.21214e+03 2.86657e-04
5.65657e-01 1.25661e+03 3.56072e-04
5.75758e-01 1.30189e+03 4.39194e-04
5.85859e-01 1.34798e+03 5.38353e-04
5.95960e-01 1.39486e+03 6.56331e-04
6.06061e-01 1.44254e+03 7.96091e-04
6.16162e-01 1.49103e+03 9.61356e-04
6.26263e-01 1.54031e+03 1.15646e-03
6.36364e-01 1.59040e+03 1.38643e-03
6.46465e-01 1.64129e+03 1.65728e-03
6.56566e-01 1.69298e+03 1.97611e-03
6.66667e-01 1.74547e+03 2.35134e-03
6.76768e-01 1.79877e+03 2.79299e-03
6.86869e-01 1.85286e+03 3.31313e-03
6.96970e-01 1.90776e+03 3.92607e-03
7.07071e-01 1.96346e+03 4.64904e-03
7.17172e-01 2.01995e+03 5.50286e-03
7.27273e-01 2.07725e+03 6.51247e-03
7.37374e-01 2.13535e+03 7.70884e-03
7.47475e-01 2.19426e+03 9.12750e-03
7.57576e-01 2.25396e+03 1.08139e-02
7.67677e-01 2.31446e+03 1.28225e-02
7.77778e-01 2.37577e+03 1.52212e-02
7.87879e-01 2.43788e+03 1.80940e-02
7.97980e-01 2.50078e+03 2.15464e-02
8.08081e-01 2.56449e+03 2.57147e-02
8.18182e-01 2.62900e+03 3.07676e-02
8.28283e-01 2.69431e+03 3.69318e-02
8.38384e-01 2.76041e+03 4.45041e-02
8.48485e-01 2.82732e+03 5.38865e-02
8.58586e-01 2.89503e+03 6.56432e-02
8.68687e-01 2.96353e+03 8.05609e-02
8.78788e-01 3.03283e+03 9.98254e-02
8.88889e-01 3.10293e+03 1.25279e-01
8.98990e-01 3.17381e+03 1.60233e-01
9.09091e-01 3.24548e+03 2.11170e-01
9.19192e-01 3.31792e+03 2.93021e-01
9.29293e-01 3.39108e+03 4.54174e-01
9.39394e-01 3.18999e+03 1.62738e+02
