0.00000e+00 0.00000e+00 0.00000e+00
1.01010e-02 4.00699e-01 0.00000e+00
2.02020e-02 1.60280e+00 0.00000e+00
3.03030e-02 3.60629e+00 0.00000e+00
4.04040e-02 6.41119e+00 0.00000e+00
5.05051e-02 1.00175e+01 0.00000e+00
6.06061e-02 1.44252e+01 0.00000e+00
7.07071e-02 1.96343e+01 0.00000e+00
8.08081e-02 2.56448e+01 0.00000e+00
9.09091e-02 3.24566e+01 0.00000e+00
1.01010e-01 4.00699e+01 0.00000e+00
1.11111e-01 4.84846e+01 0.00000e+00
1.21212e-01 5.77007e+01 0.00000e+00
1.31313e-01 6.77182e+01 0.00000e+00
1.41414e-01 7.85371e+01 0.00000e+00
1.51515e-01 9.01573e+01 0.00000e+00
1.61616e-01 1.02579e+02 0.00000e+00
1.71717e-01 1.15802e+02 0.00000e+00
1.81818e-01 1.29827e+02 0.00000e+00
1.91919e-01 1.44652e+02 0.00000e+00
2.02020e-01 1.60280e+02 3.10235e-23
2.12121e-01 1.76708e+02 3.97799e-11
2.22222e-01 1.93938e+02 5.89958e-10
2.32323e-01 2.11970e+02 3.17236e-09
2.42424e-01 2.30803e+02 1.08929e-08
2.52525e-01 2.50437e+02 3.80747e-08
2.62626e-01 2.70873e+02 9.29203e-08
2.72727e-01 2.92110e+02 2.66100e-07
2.82828e-01 3.14148e+02 5.76600e-07
2.92929e-01 3.36988e+02 1.05553e-06
3.03030e-01 3.60629e+02 1.72565e-06
3.13131e-01 3.85072e+02 2.69817e-06
3.23232e-01 4.10316e+02 4.06611e-06
3.33333e-01 4.36362e+02 5.94389e-06
3.43434e-01 4.63208e+02 8.37744e-06
3.53535e-01 4.90857e+02 1.17588e-05
3.63636e-01 5.19306e+02 1.61625e-05
3.73737e-01 5.48557e+02 2.17120e-05
3.83838e-01 5.78610e+02 2.87706e-05
3.93939e-01 6.09464e+02 3.77006e-05
4.04040e-01 6.41119e+02 4.87408e-05
4.14141e-01 6.73575e+02 6.24072e-05
4.24242e-01 7.06833e+02 7.91959e-05
4.34343e-01 7.40893e+02 9.96880e-05
4.44444e-01 7.75754e+02 1.24643e-04
4.54545e-01 8.11416e+02 1.54701e-04
4.64646e-01 8.47880e+02 1.90846e-04
4.74747e-01 8.85144e+02 2.34141e-04
4.84848e-01 9.23211e+02 2.85837e-04
4.94949e-01 9.62079e+02 3.47381e-04
5.05051e-01 1.00175e+03 4.20470e-04
5.15152e-01 1.04222e+03 5.07069e-04
5.25253e-01 1.08349e+03 6.09491e-04
5.35354e-01 1.12556e+03 7.30423e-04
5.45455e-01 1.16844e+03 8.73026e-04
5.55556e-01 1.21211e+03 1.04103e-03
5.65657e-01 1.25659e+03 1.23878e-03
5.75758e-01 1.30187e+03 1.47137e-03
5.85859e-01 1.34795e+03 1.74496e-03
5.95960e-01 1.39483e+03 2.06655e-03
6.06061e-01 1.44251e+03 2.44461e-03
6.16162e-01 1.49100e+03 2.88942e-03
6.26263e-01 1.54028e+03 3.41247e-03
6.36364e-01 1.59037e+03 4.02814e-03
6.46465e-01 1.64126e+03 4.75329e-03
6.56566e-01 1.69295e+03 5.60826e-03
6.66667e-01 1.74544e+03 6.61745e-03
6.76768e-01 1.79873e+03 7.81030e-03
6.86869e-01 1.85282e+03 9.22259e-03
6.96970e-01 1.90772e+03 1.08991e-02
7.07071e-01 1.96341e+03 1.28921e-02
7.17172e-01 2.01991e+03 1.52687e-02
7.27273e-01 2.07720e+03 1.81125e-02
7.37374e-01 2.13530e+03 2.15286e-02
7.47475e-01 2.19420e+03 2.56546e-02
7.57576e-01 2.25390e+03 3.06625e-02
7.67677e-01 2.31439e+03 3.67849e-02
7.77778e-01 2.37569e+03 4.43401e-02
7.87879e-01 2.43779e+03 5.37544e-02
7.97980e-01 2.50069e+03 6.56633e-02
8.08081e-01 2.56438e+03 8.09906e-02
8.18182e-01 2.62887e+03 1.01213e-01
8.28283e-01 2.69415e+03 1.28863e-01
8.38384e-01 2.76022e+03 1.68825e-01
8.48485e-01 2.82707e+03 2.32950e-01
8.58586e-01 2.89464e+03 3.74348e-01
8.68687e-01 2.93456e+03 1.90575e+01
