0.00000e+00 0.00000e+00 0.00000e+00
1.01010e-02 4.00699e-01 0.00000e+00
2.02020e-02 1.60280e+00 0.00000e+00
3.03030e-02 3.60629e+00 0.00000e+00
4.04040e-02 6.41119e+00 0.00000e+00
5.05051e-02 1.00175e+01 0.00000e+00
6.06061e-02 1.44252e+01 0.00000e+00
7.07071e-02 1.96343e+01 0.00000e+00
8.08081e-02 2.56448e+01 0.00000e+00
9.09091e-02 3.24566e+01 0.00000e+00
1.01010e-01 4.00699e+01 0.00000e+00
1.11111e-01 4.84846e+01 0.00000e+00
1.21212e-01 5.77007e+01 0.00000e+00
1.31313e-01 6.77182e+01 0.00000e+00
1.41414e-01 7.85371e+01 0.00000e+00
1.51515e-01 9.01573e+01 0.00000e+00
1.61616e-01 1.02579e+02 0.00000e+00
1.71717e-01 1.15802e+02 0.00000e+00
1.81818e-01 1.29827e+02 0.00000e+00
1.91919e-01 1.44652e+02 0.00000e+00
2.02020e-01 1.60280e+02 1.14788e-22
2.12121e-01 1.76708e+02 1.52464e-10
2.22222e-01 1.93938e+02 2.18278e-09
2.32323e-01 2.11970e+02 1.61386e-08
2.42424e-01 2.30803e+02 6.88189e-08
2.52525e-01 2.50437e+02 2.71881e-07
2.62626e-01 2.70873e+02 6.40159e-07
2.72727e-01 2.92110e+02 1.27736e-06
2.82828e-01 3.14148e+02 2.33967e-06
2.92929e-01 3.36988e+02 4.00802e-06
3.03030e-01 3.60629e+02 6.51426e-06
3.13131e-01 3.85072e+02 1.01424e-05
3.23232e-01 4.10316e+02 1.52499e-05
3.33333e-01 4.36362e+02 2.22656e-05
3.43434e-01 4.63208e+02 3.17098e-05
3.53535e-01 4.90857e+02 4.42082e-05
3.63636e-01 5.19306e+02 6.05047e-05
3.73737e-01 5.48557e+02 8.14831e-05
3.83838e-01 5.78610e+02 1.08194e-04
3.93939e-01 6.09463e+02 1.41901e-04
4.04040e-01 6.41119e+02 1.84012e-04
4.14141e-01 6.73575e+02 2.36297e-04
4.24242e-01 7.06833e+02 3.00799e-04
4.34343e-01 7.40893e+02 3.79922e-04
4.44444e-01 7.75753e+02 4.76564e-04
4.54545e-01 8.11415e+02 5.93974e-04
4.64646e-01 8.47879e+02 7.36174e-04
4.74747e-01 8.85144e+02 9.07873e-04
4.84848e-01 9.23210e+02 1.11467e-03
4.94949e-01 9.62077e+02 1.36322e-03
5.05051e-01 1.00175e+03 1.66153e-03
5.15152e-01 1.04222e+03 2.01913e-03
5.25253e-01 1.08349e+03 2.44772e-03
5.35354e-01 1.12556e+03 2.96099e-03
5.45455e-01 1.16843e+03 3.57598e-03
5.55556e-01 1.21211e+03 4.31347e-03
5.65657e-01 1.25659e+03 5.19897e-03
5.75758e-01 1.30186e+03 6.26465e-03
5.85859e-01 1.34794e+03 7.54946e-03
5.95960e-01 1.39482e+03 9.10395e-03
6.06061e-01 1.44250e+03 1.09930e-02
6.16162e-01 1.49099e+03 1.32993e-02
6.26263e-01 1.54027e+03 1.61346e-02
6.36364e-01 1.59035e+03 1.96474e-02
6.46465e-01 1.64124e+03 2.40483e-02
6.56566e-01 1.69292e+03 2.96382e-02
6.66667e-01 1.74540e+03 3.68752e-02
6.76768e-01 1.79868e+03 4.65094e-02
6.86869e-01 1.85276e+03 5.98975e-02
6.96970e-01 1.90764e+03 7.99863e-02
7.07071e-01 1.96329e+03 1.16360e-01
7.17172e-01 2.01597e+03 2.81243e+00
