0.00000e+00 0.00000e+00 0.00000e+00
1.01010e-02 4.00694e-01 0.00000e+00
2.02020e-02 1.60277e+00 0.00000e+00
3.03030e-02 3.60624e+00 0.00000e+00
4.04040e-02 6.41110e+00 0.00000e+00
5.05051e-02 1.00173e+01 6.29388e-25
6.06061e-02 1.44250e+01 2.89759e-13
7.07071e-02 1.96340e+01 4.42737e-12
8.08081e-02 2.56444e+01 2.64547e-11
9.09091e-02 3.24562e+01 1.02450e-10
1.01010e-01 4.00694e+01 3.13102e-10
1.11111e-01 4.84839e+01 8.04723e-10
1.21212e-01 5.76999e+01 1.84767e-09
1.31313e-01 6.77172e+01 4.77877e-09
1.41414e-01 7.85360e+01 1.00036e-08
1.51515e-01 9.01561e+01 2.17693e-08
1.61616e-01 1.02578e+02 3.91659e-08
1.71717e-01 1.15800e+02 6.65010e-08
1.81818e-01 1.29825e+02 1.07696e-07
1.91919e-01 1.44650e+02 1.66047e-07
2.02020e-01 1.60277e+02 2.54285e-07
2.12121e-01 1.76706e+02 3.74260e-07
2.22222e-01 1.93936e+02 5.42412e-07
2.32323e-01 2.11967e+02 7.82223e-07
2.42424e-01 2.30800e+02 1.09484e-06
2.52525e-01 2.50434e+02 1.52608e-06
2.62626e-01 2.70869e+02 2.07963e-06
2.72727e-01 2.92106e+02 2.82555e-06
2.82828e-01 3.14144e+02 3.78394e-06
2.92929e-01 3.36983e+02 4.99946e-06
3.03030e-01 3.60624e+02 6.58631e-06
3.13131e-01 3.85067e+02 8.55543e-06
3.23232e-01 4.10310e+02 1.10930e-05
3.33333e-01 4.36355e+02 1.42478e-05
3.43434e-01 4.63202e+02 1.81253e-05
3.53535e-01 4.90850e+02 2.30351e-05
3.63636e-01 5.19299e+02 2.90395e-05
3.73737e-01 5.48550e+02 3.64164e-05
3.83838e-01 5.78602e+02 4.54471e-05
3.93939e-01 6.09455e+02 5.64546e-05
4.04040e-01 6.41110e+02 6.98257e-05
4.14141e-01 6.73566e+02 8.60192e-05
4.24242e-01 7.06824e+02 1.05584e-04
4.34343e-01 7.40883e+02 1.29140e-04
4.44444e-01 7.75743e+02 1.57456e-04
4.54545e-01 8.11405e+02 1.91371e-04
4.64646e-01 8.47868e+02 2.31929e-04
4.74747e-01 8.85132e+02 2.80334e-04
4.84848e-01 9.23198e+02 3.38010e-04
4.94949e-01 9.62065e+02 4.06601e-04
5.05051e-01 1.00173e+03 4.88076e-04
5.15152e-01 1.04220e+03 5.84706e-04
5.25253e-01 1.08347e+03 6.99200e-04
5.35354e-01 1.12555e+03 8.34715e-04
5.45455e-01 1.16842e+03 9.94943e-04
5.55556e-01 1.21210e+03 1.18431e-03
5.65657e-01 1.25657e+03 1.40792e-03
5.75758e-01 1.30185e+03 1.67203e-03
5.85859e-01 1.34793e+03 1.98363e-03
5.95960e-01 1.39481e+03 2.35148e-03
6.06061e-01 1.44249e+03 2.78564e-03
6.16162e-01 1.49098e+03 3.29829e-03
6.26263e-01 1.54026e+03 3.90394e-03
6.36364e-01 1.59035e+03 4.62007e-03
6.46465e-01 1.64123e+03 5.46789e-03
6.56566e-01 1.69292e+03 6.47309e-03
6.66667e-01 1.74541e+03 7.66668e-03
6.76768e-01 1.79870e+03 9.08708e-03
6.86869e-01 1.85279e+03 1.07823e-02
6.96970e-01 1.90769e+03 1.28118e-02
7.07071e-01 1.96338e+03 1.52523e-02
7.17172e-01 2.01987e+03 1.81988e-02
7.27273e-01 2.07717e+03 2.17790e-02
7.37374e-01 2.13527e+03 2.61626e-02
7.47475e-01 2.19416e+03 3.15730e-02
7.57576e-01 2.25386e+03 3.83334e-02
7.67677e-01 2.31435e+03 4.69024e-02
7.77778e-01 2.37564e+03 5.79811e-02
7.87879e-01 2.43774e+03 7.27000e-02
7.97980e-01 2.50062e+03 9.30783e-02
8.08081e-01 2.56430e+03 1.23303e-01
8.18182e-01 2.62875e+03 1.75230e-01
8.28283e-01 2.67910e+03 9.72212e+00
