0.00000e+00 0.00000e+00 0.00000e+00
1.01010e-02 4.00695e-01 0.00000e+00
2.02020e-02 1.60278e+00 0.00000e+00
3.03030e-02 3.60626e+00 0.00000e+00
4.04040e-02 6.41112e+00 0.00000e+00
5.05051e-02 1.00174e+01 0.00000e+00
6.06061e-02 1.44250e+01 0.00000e+00
7.07071e-02 1.96341e+01 0.00000e+00
8.08081e-02 2.56445e+01 0.00000e+00
9.09091e-02 3.24563e+01 0.00000e+00
1.01010e-01 4.00695e+01 3.06492e-23
1.11111e-01 4.84841e+01 4.07315e-13
1.21212e-01 5.77001e+01 2.70205e-12
1.31313e-01 6.77175e+01 1.08463e-11
1.41414e-01 7.85362e+01 3.36499e-11
1.51515e-01 9.01564e+01 8.33683e-11
1.61616e-01 1.02578e+02 1.82210e-10
1.71717e-01 1.15801e+02 3.64569e-10
1.81818e-01 1.29825e+02 6.82787e-10
1.91919e-01 1.44651e+02 1.20723e-09
2.02020e-01 1.60278e+02 2.04448e-09
2.12121e-01 1.76707e+02 3.33714e-09
2.22222e-01 1.93936e+02 5.29034e-09
2.32323e-01 2.11968e+02 8.12625e-09
2.42424e-01 2.30800e+02 1.22135e-08
2.52525e-01 2.50434e+02 2.07559e-08
2.62626e-01 2.70870e+02 3.29560e-08
2.72727e-01 2.92107e+02 4.97477e-08
2.82828e-01 3.14145e+02 7.23203e-08
2.92929e-01 3.36985e+02 1.02282e-07
3.03030e-01 3.60626e+02 1.40752e-07
3.13131e-01 3.85068e+02 1.89679e-07
3.23232e-01 4.10312e+02 2.43596e-07
3.33333e-01 4.36357e+02 3.22135e-07
3.43434e-01 4.63204e+02 4.19031e-07
3.53535e-01 4.90852e+02 5.37762e-07
3.63636e-01 5.19301e+02 6.71147e-07
3.73737e-01 5.48552e+02 8.53655e-07
3.83838e-01 5.78604e+02 1.07242e-06
3.93939e-01 6.09457e+02 1.34314e-06
4.04040e-01 6.41112e+02 1.65801e-06
4.14141e-01 6.73568e+02 2.03920e-06
4.24242e-01 7.06826e+02 2.50455e-06
4.34343e-01 7.40885e+02 3.05687e-06
4.44444e-01 7.75746e+02 3.71694e-06
4.54545e-01 8.11408e+02 4.50320e-06
4.64646e-01 8.47871e+02 5.43908e-06
4.74747e-01 8.85135e+02 6.55035e-06
4.84848e-01 9.23202e+02 7.86621e-06
4.94949e-01 9.62069e+02 9.42273e-06
5.05051e-01 1.00174e+03 1.12600e-05
5.15152e-01 1.04221e+03 1.34250e-05
5.25253e-01 1.08348e+03 1.59723e-05
5.35354e-01 1.12555e+03 1.89653e-05
5.45455e-01 1.16843e+03 2.24783e-05
5.55556e-01 1.21210e+03 2.65953e-05
5.65657e-01 1.25658e+03 3.14169e-05
5.75758e-01 1.30186e+03 3.70545e-05
5.85859e-01 1.34794e+03 4.36439e-05
5.95960e-01 1.39482e+03 5.13363e-05
6.06061e-01 1.44250e+03 6.03108e-05
6.16162e-01 1.49099e+03 7.07728e-05
6.26263e-01 1.54027e+03 8.29752e-05
6.36364e-01 1.59036e+03 9.71731e-05
6.46465e-01 1.64125e+03 1.13699e-04
6.56566e-01 1.69294e+03 1.32923e-04
6.66667e-01 1.74543e+03 1.55289e-04
6.76768e-01 1.79872e+03 1.81294e-04
6.86869e-01 1.85281e+03 2.11539e-04
6.96970e-01 1.90771e+03 2.46705e-04
7.07071e-01 1.96341e+03 2.87607e-04
7.17172e-01 2.01990e+03 3.35184e-04
7.27273e-01 2.07720e+03 3.90564e-04
7.37374e-01 2.13530e+03 4.55057e-04
7.47475e-01 2.19421e+03 5.30223e-04
7.57576e-01 2.25391e+03 6.17913e-04
7.67677e-01 2.31441e+03 7.20348e-04
7.77778e-01 2.37572e+03 8.40176e-04
7.87879e-01 2.43783e+03 9.80612e-04
7.97980e-01 2.50074e+03 1.14555e-03
8.08081e-01 2.56445e+03 1.33981e-03
8.18182e-01 2.62896e+03 1.56921e-03
8.28283e-01 2.69427e+03 1.84119e-03
8.38384e-01 2.76039e+03 2.16497e-03
8.48485e-01 2.82730e+03 2.55235e-03
8.58586e-01 2.89502e+03 3.01867e-03
8.68687e-01 2.96354e+03 3.58400e-03
8.78788e-01 3.03286e+03 4.27535e-03
8.88889e-01 3.10298e+03 5.12963e-03
8.98990e-01 3.17390e+03 6.19867e-03
9.09091e-01 3.24562e+03 7.55982e-03
9.19192e-01 3.31815e+03 9.32793e-03
9.29293e-01 3.39147e+03 1.16942e-02
9.39394e-01 3.46559e+03 1.49887e-02
9.49495e-01 3.54052e+03 1.98349e-02
9.59596e-01 3.61624e+03 2.75534e-02
9.69697e-01 3.69276e+03 4.14684e-02
9.79798e-01 3.77006e+03 7.27901e-02
9.89899e-01 3.84807e+03 1.99950e-01
1.00000e+00 1.64740e+03 1.20001e+03
