0.00000e+00 0.00000e+00 0.00000e+00
1.01010e-02 4.00695e-01 0.00000e+00
2.02020e-02 1.60278e+00 0.00000e+00
3.03030e-02 3.60626e+00 0.00000e+00
4.04040e-02 6.41112e+00 0.00000e+00
5.05051e-02 1.00174e+01 0.00000e+00
6.06061e-02 1.44250e+01 0.00000e+00
7.07071e-02 1.96341e+01 0.00000e+00
8.08081e-02 2.56445e+01 0.00000e+00
9.09091e-02 3.24563e+01 0.00000e+00
1.01010e-01 4.00695e+01 1.64224e-12
1.11111e-01 4.84841e+01 4.41195e-11
1.21212e-01 5.77001e+01 2.85228e-10
1.31313e-01 6.77175e+01 1.11277e-09
1.41414e-01 7.85362e+01 4.35884e-09
1.51515e-01 9.01564e+01 1.16668e-08
1.61616e-01 1.02578e+02 3.69530e-08
1.71717e-01 1.15801e+02 8.00355e-08
1.81818e-01 1.29825e+02 1.48290e-07
1.91919e-01 1.44651e+02 2.54482e-07
2.02020e-01 1.60278e+02 4.18682e-07
2.12121e-01 1.76707e+02 6.67008e-07
2.22222e-01 1.93936e+02 1.02007e-06
2.32323e-01 2.11968e+02 1.52133e-06
2.42424e-01 2.30800e+02 2.21721e-06
2.52525e-01 2.50434e+02 3.16662e-06
2.62626e-01 2.70870e+02 4.44447e-06
2.72727e-01 2.92107e+02 6.13706e-06
2.82828e-01 3.14145e+02 8.35783e-06
2.92929e-01 3.36985e+02 1.12368e-05
3.03030e-01 3.60626e+02 1.49391e-05
3.13131e-01 3.85068e+02 1.96739e-05
3.23232e-01 4.10312e+02 2.56362e-05
3.33333e-01 4.36357e+02 3.31350e-05
3.43434e-01 4.63203e+02 4.25036e-05
3.53535e-01 4.90851e+02 5.41639e-05
3.63636e-01 5.19301e+02 6.85184e-05
3.73737e-01 5.48551e+02 8.62257e-05
3.83838e-01 5.78604e+02 1.07878e-04
3.93939e-01 6.09457e+02 1.34294e-04
4.04040e-01 6.41112e+02 1.66406e-04
4.14141e-01 6.73568e+02 2.05318e-04
4.24242e-01 7.06826e+02 2.52337e-04
4.34343e-01 7.40885e+02 3.09018e-04
4.44444e-01 7.75745e+02 3.77169e-04
4.54545e-01 8.11407e+02 4.58956e-04
4.64646e-01 8.47870e+02 5.56938e-04
4.74747e-01 8.85135e+02 6.74177e-04
4.84848e-01 9.23200e+02 8.14178e-04
4.94949e-01 9.62068e+02 9.81251e-04
5.05051e-01 1.00174e+03 1.18043e-03
5.15152e-01 1.04221e+03 1.41773e-03
5.25253e-01 1.08348e+03 1.70036e-03
5.35354e-01 1.12555e+03 2.03687e-03
5.45455e-01 1.16842e+03 2.43763e-03
5.55556e-01 1.21210e+03 2.91521e-03
5.65657e-01 1.25658e+03 3.48434e-03
5.75758e-01 1.30185e+03 4.16349e-03
5.85859e-01 1.34793e+03 4.97496e-03
5.95960e-01 1.39481e+03 5.94633e-03
6.06061e-01 1.44249e+03 7.11195e-03
6.16162e-01 1.49098e+03 8.51409e-03
6.26263e-01 1.54026e+03 1.02068e-02
6.36364e-01 1.59034e+03 1.22605e-02
6.46465e-01 1.64123e+03 1.47639e-02
6.56566e-01 1.69291e+03 1.78376e-02
6.66667e-01 1.74540e+03 2.16462e-02
6.76768e-01 1.79869e+03 2.64173e-02
6.86869e-01 1.85277e+03 3.24851e-02
6.96970e-01 1.90766e+03 4.03619e-02
7.07071e-01 1.96335e+03 5.08997e-02
7.17172e-01 2.01983e+03 6.56816e-02
7.27273e-01 2.07710e+03 8.83040e-02
7.37374e-01 2.13515e+03 1.32030e-01
7.47475e-01 2.18815e+03 3.93771e+00
