0.00000e+00 0.00000e+00 0.00000e+00
1.01010e-02 4.00694e-01 0.00000e+00
2.02020e-02 1.60277e+00 0.00000e+00
3.03030e-02 3.60624e+00 0.00000e+00
4.04040e-02 6.41110e+00 0.00000e+00
5.05051e-02 1.00173e+01 8.61642e-24
6.06061e-02 1.44250e+01 4.18563e-12
7.07071e-02 1.96340e+01 6.06104e-11
8.08081e-02 2.56444e+01 5.05612e-10
9.09091e-02 3.24562e+01 2.34605e-09
1.01010e-01 4.00694e+01 8.68643e-09
1.11111e-01 4.84839e+01 2.16885e-08
1.21212e-01 5.76999e+01 4.84410e-08
1.31313e-01 6.77172e+01 9.82879e-08
1.41414e-01 7.85360e+01 1.86344e-07
1.51515e-01 9.01561e+01 3.34810e-07
1.61616e-01 1.02578e+02 5.73303e-07
1.71717e-01 1.15800e+02 9.45289e-07
1.81818e-01 1.29825e+02 1.50955e-06
1.91919e-01 1.44650e+02 2.34268e-06
2.02020e-01 1.60277e+02 3.54780e-06
2.12121e-01 1.76706e+02 5.26072e-06
2.22222e-01 1.93936e+02 7.65153e-06
2.32323e-01 2.11967e+02 1.09470e-05
2.42424e-01 2.30800e+02 1.54232e-05
2.52525e-01 2.50434e+02 2.14432e-05
2.62626e-01 2.70869e+02 2.94463e-05
2.72727e-01 2.92106e+02 3.99972e-05
2.82828e-01 3.14144e+02 5.37847e-05
2.92929e-01 3.36983e+02 7.16794e-05
3.03030e-01 3.60624e+02 9.47452e-05
3.13131e-01 3.85066e+02 1.24301e-04
3.23232e-01 4.10310e+02 1.61993e-04
3.33333e-01 4.36355e+02 2.09824e-04
3.43434e-01 4.63202e+02 2.70315e-04
3.53535e-01 4.90849e+02 3.46549e-04
3.63636e-01 5.19298e+02 4.42372e-04
3.73737e-01 5.48549e+02 5.62590e-04
3.83838e-01 5.78601e+02 7.13248e-04
3.93939e-01 6.09454e+02 9.01946e-04
4.04040e-01 6.41108e+02 1.13827e-03
4.14141e-01 6.73564e+02 1.43462e-03
4.24242e-01 7.06821e+02 1.80719e-03
4.34343e-01 7.40880e+02 2.27709e-03
4.44444e-01 7.75739e+02 2.87304e-03
4.54545e-01 8.11400e+02 3.63430e-03
4.64646e-01 8.47862e+02 4.61687e-03
4.74747e-01 8.85125e+02 5.90487e-03
4.84848e-01 9.23189e+02 7.62996e-03
4.94949e-01 9.62053e+02 1.00229e-02
5.05051e-01 1.00172e+03 1.35468e-02
5.15152e-01 1.04218e+03 1.94660e-02
5.25253e-01 1.08314e+03 2.63489e-01
