0.00000e+00 0.00000e+00 0.00000e+00
1.01010e-02 4.00699e-01 0.00000e+00
2.02020e-02 1.60280e+00 0.00000e+00
3.03030e-02 3.60629e+00 0.00000e+00
4.04040e-02 6.41119e+00 0.00000e+00
5.05051e-02 1.00175e+01 0.00000e+00
6.06061e-02 1.44252e+01 0.00000e+00
7.07071e-02 1.96343e+01 0.00000e+00
8.08081e-02 2.56448e+01 0.00000e+00
9.09091e-02 3.24566e+01 0.00000e+00
1.01010e-01 4.00699e+01 0.00000e+00
1.11111e-01 4.84846e+01 0.00000e+00
1.21212e-01 5.77007e+01 0.00000e+00
1.31313e-01 6.77182e+01 0.00000e+00
1.41414e-01 7.85371e+01 0.00000e+00
1.51515e-01 9.01573e+01 0.00000e+00
1.61616e-01 1.02579e+02 0.00000e+00
1.71717e-01 1.15802e+02 0.00000e+00
1.81818e-01 1.29827e+02 0.00000e+00
1.91919e-01 1.44652e+02 0.00000e+00
2.02020e-01 1.60280e+02 5.96751e-23
2.12121e-01 1.76708e+02 7.65180e-11
2.22222e-01 1.93938e+02 1.13480e-09
2.32323e-01 2.11970e+02 6.10205e-09
2.42424e-01 2.30803e+02 2.80054e-08
2.52525e-01 2.50437e+02 7.79246e-08
2.62626e-01 2.70873e+02 3.03903e-07
2.72727e-01 2.92110e+02 6.59354e-07
2.82828e-01 3.14148e+02 1.19606e-06
2.92929e-01 3.36988e+02 2.04673e-06
3.03030e-01 3.60629e+02 3.36924e-06
3.13131e-01 3.85072e+02 5.22764e-06
3.23232e-01 4.10316e+02 7.85184e-06
3.33333e-01 4.36362e+02 1.14666e-05
3.43434e-01 4.63208e+02 1.63900e-05
3.53535e-01 4.90857e+02 2.28421e-05
3.63636e-01 5.19306e+02 3.12348e-05
3.73737e-01 5.48557e+02 4.19654e-05
3.83838e-01 5.78610e+02 5.57085e-05
3.93939e-01 6.09464e+02 7.29503e-05
4.04040e-01 6.41119e+02 9.43730e-05
4.14141e-01 6.73575e+02 1.21058e-04
4.24242e-01 7.06833e+02 1.53791e-04
4.34343e-01 7.40893e+02 1.93795e-04
4.44444e-01 7.75754e+02 2.42430e-04
4.54545e-01 8.11416e+02 3.01293e-04
4.64646e-01 8.47879e+02 3.72247e-04
4.74747e-01 8.85144e+02 4.57469e-04
4.84848e-01 9.23211e+02 5.59505e-04
4.94949e-01 9.62078e+02 6.81359e-04
5.05051e-01 1.00175e+03 8.26544e-04
5.15152e-01 1.04222e+03 9.99198e-04
5.25253e-01 1.08349e+03 1.20437e-03
5.35354e-01 1.12556e+03 1.44757e-03
5.45455e-01 1.16844e+03 1.73578e-03
5.55556e-01 1.21211e+03 2.07711e-03
5.65657e-01 1.25659e+03 2.48124e-03
5.75758e-01 1.30187e+03 2.95972e-03
5.85859e-01 1.34795e+03 3.52644e-03
5.95960e-01 1.39483e+03 4.19808e-03
6.06061e-01 1.44251e+03 4.99464e-03
6.16162e-01 1.49099e+03 5.94124e-03
6.26263e-01 1.54028e+03 7.06674e-03
6.36364e-01 1.59037e+03 8.40821e-03
6.46465e-01 1.64125e+03 1.00105e-02
6.56566e-01 1.69294e+03 1.19310e-02
6.66667e-01 1.74543e+03 1.42392e-02
6.76768e-01 1.79872e+03 1.70260e-02
6.86869e-01 1.85281e+03 2.04088e-02
6.96970e-01 1.90770e+03 2.45381e-02
7.07071e-01 1.96339e+03 2.96211e-02
7.17172e-01 2.01988e+03 3.59352e-02
7.27273e-01 2.07717e+03 4.38822e-02
7.37374e-01 2.13526e+03 5.40488e-02
7.47475e-01 2.19415e+03 6.73554e-02
7.57576e-01 2.25383e+03 8.53683e-02
7.67677e-01 2.31431e+03 1.11093e-01
7.77778e-01 2.37557e+03 1.51825e-01
7.87879e-01 2.43759e+03 2.40904e-01
7.97980e-01 2.48876e+03 7.88664e+00
