0.00000e+00 0.00000e+00 0.00000e+00
1.01010e-02 4.00694e-01 0.00000e+00
2.02020e-02 1.60278e+00 0.00000e+00
3.03030e-02 3.60625e+00 0.00000e+00
4.04040e-02 6.41110e+00 0.00000e+00
5.05051e-02 1.00173e+01 2.03097e-14
6.06061e-02 1.44250e+01 5.26994e-12
7.07071e-02 1.96340e+01 6.49514e-11
8.08081e-02 2.56444e+01 4.38994e-10
9.09091e-02 3.24562e+01 1.65232e-09
1.01010e-01 4.00694e+01 4.94153e-09
1.11111e-01 4.84840e+01 1.20432e-08
1.21212e-01 5.76999e+01 2.67503e-08
1.31313e-01 6.77173e+01 5.43941e-08
1.41414e-01 7.85360e+01 1.01619e-07
1.51515e-01 9.01561e+01 1.81545e-07
1.61616e-01 1.02578e+02 3.09581e-07
1.71717e-01 1.15801e+02 5.07399e-07
1.81818e-01 1.29825e+02 8.06118e-07
1.91919e-01 1.44651e+02 1.25141e-06
2.02020e-01 1.60278e+02 1.88049e-06
2.12121e-01 1.76706e+02 2.78016e-06
2.22222e-01 1.93936e+02 4.02619e-06
2.32323e-01 2.11967e+02 5.75022e-06
2.42424e-01 2.30800e+02 8.05732e-06
2.52525e-01 2.50434e+02 1.11690e-05
2.62626e-01 2.70869e+02 1.52797e-05
2.72727e-01 2.92106e+02 2.06450e-05
2.82828e-01 3.14144e+02 2.77953e-05
2.92929e-01 3.36984e+02 3.67608e-05
3.03030e-01 3.60624e+02 4.82002e-05
3.13131e-01 3.85067e+02 6.31549e-05
3.23232e-01 4.10310e+02 8.18614e-05
3.33333e-01 4.36356e+02 1.05319e-04
3.43434e-01 4.63202e+02 1.35307e-04
3.53535e-01 4.90850e+02 1.71928e-04
3.63636e-01 5.19299e+02 2.17886e-04
3.73737e-01 5.48550e+02 2.74482e-04
3.83838e-01 5.78602e+02 3.45482e-04
3.93939e-01 6.09455e+02 4.31997e-04
4.04040e-01 6.41110e+02 5.38927e-04
4.14141e-01 6.73566e+02 6.70053e-04
4.24242e-01 7.06823e+02 8.29957e-04
4.34343e-01 7.40882e+02 1.02555e-03
4.44444e-01 7.75742e+02 1.26798e-03
4.54545e-01 8.11403e+02 1.56301e-03
4.64646e-01 8.47866e+02 1.92357e-03
4.74747e-01 8.85130e+02 2.36913e-03
4.84848e-01 9.23195e+02 2.91506e-03
4.94949e-01 9.62062e+02 3.58058e-03
5.05051e-01 1.00173e+03 4.42403e-03
5.15152e-01 1.04220e+03 5.46709e-03
5.25253e-01 1.08347e+03 6.76509e-03
5.35354e-01 1.12554e+03 8.42896e-03
5.45455e-01 1.16841e+03 1.05532e-02
5.55556e-01 1.21208e+03 1.33625e-02
5.65657e-01 1.25656e+03 1.71183e-02
5.75758e-01 1.30183e+03 2.24603e-02
5.85859e-01 1.34790e+03 3.08605e-02
5.95960e-01 1.39476e+03 4.81473e-02
6.06061e-01 1.44147e+03 7.29338e-01
