0.00000e+00 5.91255e-01 1.93191e+00
1.01010e-02 6.21334e-01 1.94473e+00
2.02020e-02 6.56570e-01 1.95627e+00
3.03030e-02 6.96255e-01 1.96768e+00
4.04040e-02 7.40649e-01 1.97908e+00
5.05051e-02 7.89784e-01 1.99078e+00
6.06061e-02 8.40157e-01 2.00649e+00
7.07071e-02 8.88278e-01 2.02938e+00
8.08081e-02 9.25525e-01 2.06731e+00
9.09091e-02 9.44007e-01 2.12691e+00
1.01010e-01 9.67908e-01 2.18285e+00
1.11111e-01 9.67261e-01 2.26474e+00
1.21212e-01 9.66970e-01 2.34575e+00
1.31313e-01 9.51025e-01 2.44263e+00
1.41414e-01 9.20900e-01 2.55054e+00
1.51515e-01 9.36236e-01 2.61265e+00
1.61616e-01 9.31743e-01 2.69562e+00
1.71717e-01 9.32928e-01 2.77257e+00
1.81818e-01 9.20828e-01 2.86110e+00
1.91919e-01 9.35263e-01 2.92535e+00
2.02020e-01 9.44518e-01 2.99489e+00
2.12121e-01 9.50793e-01 3.06846e+00
2.22222e-01 9.39693e-01 3.15935e+00
2.32323e-01 9.49479e-01 3.22940e+00
2.42424e-01 9.36775e-01 3.32075e+00
2.52525e-01 9.06982e-01 3.42952e+00
2.62626e-01 9.03666e-01 3.50942e+00
2.72727e-01 9.10478e-01 3.57895e+00
2.82828e-01 8.98924e-01 3.66762e+00
2.92929e-01 9.28997e-01 3.71508e+00
3.03030e-01 9.14801e-01 3.80852e+00
3.13131e-01 9.33447e-01 3.86855e+00
3.23232e-01 9.47976e-01 3.93387e+00
3.33333e-01 9.52568e-01 4.01153e+00
3.43434e-01 9.09269e-01 4.13406e+00
3.53535e-01 9.18685e-01 4.20250e+00
3.63636e-01 9.00859e-01 4.29923e+00
3.73737e-01 9.08435e-01 4.36907e+00
3.83838e-01 8.98060e-01 4.45690e+00
3.93939e-01 8.82265e-01 4.54879e+00
4.04040e-01 8.91317e-01 4.61566e+00
4.14141e-01 9.22078e-01 4.66316e+00
4.24242e-01 9.30864e-01 4.73450e+00
4.34343e-01 8.99402e-01 4.84534e+00
4.44444e-01 9.04812e-01 4.91795e+00
4.54545e-01 8.90957e-01 5.00993e+00
4.64646e-01 9.09803e-01 5.06917e+00
4.74747e-01 9.04387e-01 5.15422e+00
4.84848e-01 9.04955e-01 5.23283e+00
4.94949e-01 8.80561e-01 5.33606e+00
5.05051e-01 8.76232e-01 5.41731e+00
5.15152e-01 8.75479e-01 5.49548e+00
5.25253e-01 8.50189e-01 5.59622e+00
5.35354e-01 8.60645e-01 5.66113e+00
5.45455e-01 8.63811e-01 5.73464e+00
5.55556e-01 8.76043e-01 5.79921e+00
5.65657e-01 8.71691e-01 5.88170e+00
5.75758e-01 8.52305e-01 5.97760e+00
5.85859e-01 8.55882e-01 6.05044e+00
5.95960e-01 8.78109e-01 6.10584e+00
6.06061e-01 8.71626e-01 6.19090e+00
6.16162e-01 8.65241e-01 6.27563e+00
6.26263e-01 8.39611e-01 6.37859e+00
6.36364e-01 8.40472e-01 6.45389e+00
6.46465e-01 8.58816e-01 6.51220e+00
6.56566e-01 8.23280e-01 6.62316e+00
6.66667e-01 8.51330e-01 6.67138e+00
6.76768e-01 8.19590e-01 6.77945e+00
6.86869e-01 8.18774e-01 6.85558e+00
6.96970e-01 8.30147e-01 6.91991e+00
7.07071e-01 8.31095e-01 6.99599e+00
7.17172e-01 8.02607e-01 7.10035e+00
7.27273e-01 7.95515e-01 7.18128e+00
7.37374e-01 7.87344e-01 7.26300e+00
7.47475e-01 7.84254e-01 7.33951e+00
7.57576e-01 7.72104e-01 7.42502e+00
7.67677e-01 7.68470e-01 7.50106e+00
7.77778e-01 7.49524e-01 7.59131e+00
7.87879e-01 7.66254e-01 7.64660e+00
7.97980e-01 7.66279e-01 7.71932e+00
8.08081e-01 7.79440e-01 7.78011e+00
8.18182e-01 7.73389e-01 7.86041e+00
8.28283e-01 7.63913e-01 7.94404e+00
8.38384e-01 7.38561e-01 8.04225e+00
8.48485e-01 7.36205e-01 8.11580e+00
8.58586e-01 7.39367e-01 8.18489e+00
8.68687e-01 7.33532e-01 8.26321e+00
8.78788e-01 7.45135e-01 8.32388e+00
8.88889e-01 7.00942e-01 8.43959e+00
8.98990e-01 6.73663e-01 8.53592e+00
9.09091e-01 6.56455e-01 8.61934e+00
9.19192e-01 6.64367e-01 8.67736e+00
9.29293e-01 6.44960e-01 8.76385e+00
9.39394e-01 6.28151e-01 8.84468e+00
9.49495e-01 6.13679e-01 8.92244e+00
9.59596e-01 6.14827e-01 8.98429e+00
9.69697e-01 5.71769e-01 9.08926e+00
9.79798e-01 5.48450e-01 9.17298e+00
9.89899e-01 5.57070e-01 9.22880e+00
1.00000e+00 5.22444e-01 9.34907e+00
