0.00000e+00 0.00000e+00 0.00000e+00
1.01010e-02 4.00706e-01 0.00000e+00
2.02020e-02 1.60283e+00 0.00000e+00
3.03030e-02 3.60636e+00 0.00000e+00
4.04040e-02 6.41130e+00 0.00000e+00
5.05051e-02 1.00177e+01 0.00000e+00
6.06061e-02 1.44254e+01 0.00000e+00
7.07071e-02 1.96346e+01 0.00000e+00
8.08081e-02 2.56452e+01 0.00000e+00
9.09091e-02 3.24572e+01 0.00000e+00
1.01010e-01 4.00706e+01 0.00000e+00
1.11111e-01 4.84855e+01 0.00000e+00
1.21212e-01 5.77017e+01 0.00000e+00
1.31313e-01 6.77194e+01 0.00000e+00
1.41414e-01 7.85384e+01 0.00000e+00
1.51515e-01 9.01589e+01 0.00000e+00
1.61616e-01 1.02581e+02 0.00000e+00
1.71717e-01 1.15804e+02 0.00000e+00
1.81818e-01 1.29829e+02 0.00000e+00
1.91919e-01 1.44655e+02 0.00000e+00
2.02020e-01 1.60283e+02 0.00000e+00
2.12121e-01 1.76711e+02 0.00000e+00
2.22222e-01 1.93942e+02 0.00000e+00
2.32323e-01 2.11974e+02 0.00000e+00
2.42424e-01 2.30807e+02 0.00000e+00
2.52525e-01 2.50441e+02 0.00000e+00
2.62626e-01 2.70877e+02 0.00000e+00
2.72727e-01 2.92115e+02 0.00000e+00
2.82828e-01 3.14154e+02 0.00000e+00
2.92929e-01 3.36994e+02 0.00000e+00
3.03030e-01 3.60636e+02 0.00000e+00
3.13131e-01 3.85079e+02 0.00000e+00
3.23232e-01 4.10323e+02 0.00000e+00
3.33333e-01 4.36369e+02 0.00000e+00
3.43434e-01 4.63217e+02 5.59472e-11
3.53535e-01 4.90865e+02 1.13552e-09
3.63636e-01 5.19315e+02 6.69353e-09
3.73737e-01 5.48567e+02 2.38913e-08
3.83838e-01 5.78620e+02 6.47957e-08
3.93939e-01 6.09474e+02 1.46799e-07
4.04040e-01 6.41130e+02 6.37639e-07
4.14141e-01 6.73587e+02 1.35637e-06
4.24242e-01 7.06846e+02 2.35375e-06
4.34343e-01 7.40906e+02 3.82800e-06
4.44444e-01 7.75767e+02 5.91989e-06
4.54545e-01 8.11430e+02 8.80788e-06
4.64646e-01 8.47895e+02 1.26830e-05
4.74747e-01 8.85160e+02 1.78004e-05
4.84848e-01 9.23227e+02 2.45042e-05
4.94949e-01 9.62096e+02 3.29544e-05
5.05051e-01 1.00177e+03 4.37228e-05
5.15152e-01 1.04224e+03 5.71130e-05
5.25253e-01 1.08351e+03 7.36543e-05
5.35354e-01 1.12558e+03 9.39187e-05
5.45455e-01 1.16846e+03 1.18570e-04
5.55556e-01 1.21214e+03 1.48367e-04
5.65657e-01 1.25661e+03 1.84187e-04
5.75758e-01 1.30189e+03 2.27041e-04
5.85859e-01 1.34798e+03 2.78102e-04
5.95960e-01 1.39486e+03 3.38724e-04
6.06061e-01 1.44254e+03 4.10487e-04
6.16162e-01 1.49103e+03 4.95243e-04
6.26263e-01 1.54031e+03 5.95136e-04
6.36364e-01 1.59040e+03 7.12694e-04
6.46465e-01 1.64129e+03 8.50877e-04
6.56566e-01 1.69298e+03 1.01320e-03
6.66667e-01 1.74548e+03 1.20382e-03
6.76768e-01 1.79877e+03 1.42788e-03
6.86869e-01 1.85286e+03 1.69085e-03
6.96970e-01 1.90776e+03 1.99981e-03
7.07071e-01 1.96346e+03 2.36308e-03
7.17172e-01 2.01996e+03 2.79050e-03
7.27273e-01 2.07726e+03 3.29390e-03
7.37374e-01 2.13536e+03 3.88740e-03
7.47475e-01 2.19426e+03 4.58798e-03
7.57576e-01 2.25397e+03 5.41619e-03
7.67677e-01 2.31447e+03 6.39654e-03
7.77778e-01 2.37578e+03 7.55897e-03
7.87879e-01 2.43789e+03 8.94014e-03
7.97980e-01 2.50080e+03 1.05850e-02
8.08081e-01 2.56451e+03 1.25494e-02
8.18182e-01 2.62902e+03 1.49048e-02
8.28283e-01 2.69433e+03 1.77373e-02
8.38384e-01 2.76044e+03 2.11611e-02
8.48485e-01 2.82735e+03 2.53242e-02
8.58586e-01 2.89507e+03 3.04193e-02
8.68687e-01 2.96358e+03 3.67100e-02
8.78788e-01 3.03289e+03 4.45602e-02
8.88889e-01 3.10301e+03 5.44734e-02
8.98990e-01 3.17392e+03 6.72551e-02
9.09091e-01 3.24562e+03 8.41607e-02
9.19192e-01 3.31813e+03 1.07440e-01
9.29293e-01 3.39142e+03 1.41213e-01
9.39394e-01 3.46549e+03 1.94211e-01
9.49495e-01 3.54032e+03 2.88963e-01
9.59596e-01 3.61582e+03 5.17546e-01
9.69697e-01 3.17391e+03 3.19096e+02
