0.00000e+00 0.00000e+00 0.00000e+00
1.01010e-02 4.00694e-01 0.00000e+00
2.02020e-02 1.60277e+00 0.00000e+00
3.03030e-02 3.60624e+00 0.00000e+00
4.04040e-02 6.41110e+00 0.00000e+00
5.05051e-02 1.00173e+01 2.96037e-23
6.06061e-02 1.44250e+01 1.03793e-11
7.07071e-02 1.96340e+01 2.00570e-10
8.08081e-02 2.56444e+01 1.47419e-09
9.09091e-02 3.24562e+01 5.72919e-09
1.01010e-01 4.00694e+01 1.69273e-08
1.11111e-01 4.84839e+01 4.22587e-08
1.21212e-01 5.76999e+01 9.37394e-08
1.31313e-01 6.77172e+01 1.90443e-07
1.41414e-01 7.85360e+01 3.60940e-07
1.51515e-01 9.01561e+01 6.47236e-07
1.61616e-01 1.02578e+02 1.10951e-06
1.71717e-01 1.15800e+02 1.83042e-06
1.81818e-01 1.29825e+02 2.92468e-06
1.91919e-01 1.44650e+02 4.54529e-06
2.02020e-01 1.60277e+02 6.89532e-06
2.12121e-01 1.76706e+02 1.02444e-05
2.22222e-01 1.93936e+02 1.49357e-05
2.32323e-01 2.11967e+02 2.14223e-05
2.42424e-01 2.30800e+02 3.02788e-05
2.52525e-01 2.50434e+02 4.22478e-05
2.62626e-01 2.70869e+02 5.82686e-05
2.72727e-01 2.92106e+02 7.95227e-05
2.82828e-01 3.14144e+02 1.07534e-04
2.92929e-01 3.36983e+02 1.44220e-04
3.03030e-01 3.60624e+02 1.92013e-04
3.13131e-01 3.85066e+02 2.54025e-04
3.23232e-01 4.10310e+02 3.34195e-04
3.33333e-01 4.36355e+02 4.37688e-04
3.43434e-01 4.63201e+02 5.71170e-04
3.53535e-01 4.90849e+02 7.43225e-04
3.63636e-01 5.19298e+02 9.65524e-04
3.73737e-01 5.48548e+02 1.25364e-03
3.83838e-01 5.78600e+02 1.62923e-03
3.93939e-01 6.09452e+02 2.12342e-03
4.04040e-01 6.41106e+02 2.78174e-03
4.14141e-01 6.73562e+02 3.67815e-03
4.24242e-01 7.06818e+02 4.93721e-03
4.34343e-01 7.40874e+02 6.81185e-03
4.44444e-01 7.75731e+02 9.97178e-03
4.54545e-01 8.11272e+02 1.10435e-01
