0.00000e+00 0.00000e+00 0.00000e+00
1.01010e-02 4.00699e-01 0.00000e+00
2.02020e-02 1.60280e+00 0.00000e+00
3.03030e-02 3.60629e+00 0.00000e+00
4.04040e-02 6.41119e+00 0.00000e+00
5.05051e-02 1.00175e+01 0.00000e+00
6.06061e-02 1.44252e+01 0.00000e+00
7.07071e-02 1.96343e+01 0.00000e+00
8.08081e-02 2.56448e+01 0.00000e+00
9.09091e-02 3.24566e+01 0.00000e+00
1.01010e-01 4.00699e+01 0.00000e+00
1.11111e-01 4.84846e+01 0.00000e+00
1.21212e-01 5.77007e+01 0.00000e+00
1.31313e-01 6.77182e+01 0.00000e+00
1.41414e-01 7.85371e+01 0.00000e+00
1.51515e-01 9.01573e+01 0.00000e+00
1.61616e-01 1.02579e+02 0.00000e+00
1.71717e-01 1.15802e+02 0.00000e+00
1.81818e-01 1.29827e+02 0.00000e+00
1.91919e-01 1.44652e+02 0.00000e+00
2.02020e-01 1.60280e+02 2.26612e-24
2.12121e-01 1.76708e+02 2.56133e-12
2.22222e-01 1.93938e+02 3.92678e-11
2.32323e-01 2.11970e+02 2.31645e-10
2.42424e-01 2.30803e+02 7.95693e-10
2.52525e-01 2.50437e+02 2.12988e-09
2.62626e-01 2.70873e+02 4.78869e-09
2.72727e-01 2.92110e+02 9.60079e-09
2.82828e-01 3.14148e+02 1.77536e-08
2.92929e-01 3.36988e+02 3.08739e-08
3.03030e-01 3.60629e+02 7.47961e-08
3.13131e-01 3.85072e+02 1.46627e-07
3.23232e-01 4.10316e+02 2.70830e-07
3.33333e-01 4.36362e+02 4.15832e-07
3.43434e-01 4.63208e+02 5.92807e-07
3.53535e-01 4.90857e+02 8.46910e-07
3.63636e-01 5.19306e+02 1.15390e-06
3.73737e-01 5.48557e+02 1.56936e-06
3.83838e-01 5.78610e+02 2.07064e-06
3.93939e-01 6.09464e+02 2.72593e-06
4.04040e-01 6.41119e+02 3.53022e-06
4.14141e-01 6.73576e+02 4.52073e-06
4.24242e-01 7.06834e+02 5.73356e-06
4.34343e-01 7.40893e+02 7.21019e-06
4.44444e-01 7.75754e+02 8.99845e-06
4.54545e-01 8.11416e+02 1.11547e-05
4.64646e-01 8.47880e+02 1.37402e-05
4.74747e-01 8.85145e+02 1.68313e-05
4.84848e-01 9.23211e+02 2.05126e-05
4.94949e-01 9.62079e+02 2.48827e-05
5.05051e-01 1.00175e+03 3.00553e-05
5.15152e-01 1.04222e+03 3.61647e-05
5.25253e-01 1.08349e+03 4.33609e-05
5.35354e-01 1.12556e+03 5.18264e-05
5.45455e-01 1.16844e+03 6.17631e-05
5.55556e-01 1.21212e+03 7.34147e-05
5.65657e-01 1.25659e+03 8.70883e-05
5.75758e-01 1.30187e+03 1.03055e-04
5.85859e-01 1.34795e+03 1.21713e-04
5.95960e-01 1.39483e+03 1.43503e-04
6.06061e-01 1.44252e+03 1.68932e-04
6.16162e-01 1.49100e+03 1.98593e-04
6.26263e-01 1.54029e+03 2.33179e-04
6.36364e-01 1.59038e+03 2.73500e-04
6.46465e-01 1.64126e+03 3.20488e-04
6.56566e-01 1.69295e+03 3.75238e-04
6.66667e-01 1.74545e+03 4.39039e-04
6.76768e-01 1.79874e+03 5.13372e-04
6.86869e-01 1.85283e+03 5.99996e-04
6.96970e-01 1.90773e+03 7.00953e-04
7.07071e-01 1.96343e+03 8.18632e-04
7.17172e-01 2.01992e+03 9.55880e-04
7.27273e-01 2.07722e+03 1.11600e-03
7.37374e-01 2.13533e+03 1.30294e-03
7.47475e-01 2.19423e+03 1.52136e-03
7.57576e-01 2.25393e+03 1.77681e-03
7.67677e-01 2.31444e+03 2.07594e-03
7.77778e-01 2.37574e+03 2.42671e-03
7.87879e-01 2.43785e+03 2.83879e-03
7.97980e-01 2.50076e+03 3.32448e-03
8.08081e-01 2.56447e+03 3.89724e-03
8.18182e-01 2.62898e+03 4.57531e-03
8.28283e-01 2.69430e+03 5.38078e-03
8.38384e-01 2.76041e+03 6.34193e-03
8.48485e-01 2.82733e+03 7.49441e-03
8.58586e-01 2.89504e+03 8.88498e-03
8.68687e-01 2.96356e+03 1.05749e-02
8.78788e-01 3.03288e+03 1.26468e-02
8.88889e-01 3.10300e+03 1.52146e-02
8.98990e-01 3.17392e+03 1.84393e-02
9.09091e-01 3.24564e+03 2.25668e-02
9.19192e-01 3.31816e+03 2.79880e-02
9.29293e-01 3.39148e+03 3.53659e-02
9.39394e-01 3.46560e+03 4.58745e-02
9.49495e-01 3.54051e+03 6.18433e-02
9.59596e-01 3.61621e+03 8.85584e-02
9.69697e-01 3.69269e+03 1.41051e-01
9.79798e-01 3.76987e+03 2.89219e-01
9.89899e-01 2.34407e+03 7.93031e+02
