0.00000e+00 0.00000e+00 0.00000e+00
1.01010e-02 4.00694e-01 0.00000e+00
2.02020e-02 1.60277e+00 0.00000e+00
3.03030e-02 3.60624e+00 0.00000e+00
4.04040e-02 6.41110e+00 0.00000e+00
5.05051e-02 1.00173e+01 8.84326e-26
6.06061e-02 1.44250e+01 3.43002e-14
7.07071e-02 1.96340e+01 5.57280e-13
8.08081e-02 2.56444e+01 3.62307e-12
9.09091e-02 3.24562e+01 1.41547e-11
1.01010e-01 4.00694e+01 4.37222e-11
1.11111e-01 4.84839e+01 1.12812e-10
1.21212e-01 5.76999e+01 2.59235e-10
1.31313e-01 6.77172e+01 5.44797e-10
1.41414e-01 7.85360e+01 1.06813e-09
1.51515e-01 9.01561e+01 1.97461e-09
1.61616e-01 1.02578e+02 3.46237e-09
1.71717e-01 1.15800e+02 5.85195e-09
1.81818e-01 1.29825e+02 9.56059e-09
1.91919e-01 1.44650e+02 1.51659e-08
2.02020e-01 1.60277e+02 2.33468e-08
2.12121e-01 1.76706e+02 3.52474e-08
2.22222e-01 1.93936e+02 5.20986e-08
2.32323e-01 2.11967e+02 8.45117e-08
2.42424e-01 2.30800e+02 1.28920e-07
2.52525e-01 2.50434e+02 1.97646e-07
2.62626e-01 2.70869e+02 2.76777e-07
2.72727e-01 2.92106e+02 3.81046e-07
2.82828e-01 3.14144e+02 5.15623e-07
2.92929e-01 3.36983e+02 6.88974e-07
3.03030e-01 3.60624e+02 9.09645e-07
3.13131e-01 3.85067e+02 1.18888e-06
3.23232e-01 4.10310e+02 1.53985e-06
3.33333e-01 4.36355e+02 1.97909e-06
3.43434e-01 4.63202e+02 2.52489e-06
3.53535e-01 4.90850e+02 3.20097e-06
3.63636e-01 5.19299e+02 4.03517e-06
3.73737e-01 5.48550e+02 5.05743e-06
3.83838e-01 5.78602e+02 6.30768e-06
3.93939e-01 6.09455e+02 7.83265e-06
4.04040e-01 6.41110e+02 9.68013e-06
4.14141e-01 6.73566e+02 1.19149e-05
4.24242e-01 7.06824e+02 1.46436e-05
4.34343e-01 7.40883e+02 1.78891e-05
4.44444e-01 7.75743e+02 2.17782e-05
4.54545e-01 8.11405e+02 2.64256e-05
4.64646e-01 8.47868e+02 3.19698e-05
4.74747e-01 8.85132e+02 3.85659e-05
4.84848e-01 9.23198e+02 4.64006e-05
4.94949e-01 9.62066e+02 5.56904e-05
5.05051e-01 1.00173e+03 6.66784e-05
5.15152e-01 1.04220e+03 7.96644e-05
5.25253e-01 1.08348e+03 9.49763e-05
5.35354e-01 1.12555e+03 1.13007e-04
5.45455e-01 1.16842e+03 1.34215e-04
5.55556e-01 1.21210e+03 1.59128e-04
5.65657e-01 1.25658e+03 1.88357e-04
5.75758e-01 1.30185e+03 2.22615e-04
5.85859e-01 1.34793e+03 2.62716e-04
5.95960e-01 1.39481e+03 3.09655e-04
6.06061e-01 1.44250e+03 3.64519e-04
6.16162e-01 1.49098e+03 4.28618e-04
6.26263e-01 1.54027e+03 5.03445e-04
6.36364e-01 1.59035e+03 5.90753e-04
6.46465e-01 1.64124e+03 6.92621e-04
6.56566e-01 1.69293e+03 8.11407e-04
6.66667e-01 1.74542e+03 9.50049e-04
6.76768e-01 1.79871e+03 1.11167e-03
6.86869e-01 1.85281e+03 1.30006e-03
6.96970e-01 1.90770e+03 1.51978e-03
7.07071e-01 1.96340e+03 1.77619e-03
7.17172e-01 2.01989e+03 2.07554e-03
7.27273e-01 2.07719e+03 2.42530e-03
7.37374e-01 2.13529e+03 2.83448e-03
7.47475e-01 2.19419e+03 3.31352e-03
7.57576e-01 2.25390e+03 3.87538e-03
7.67677e-01 2.31440e+03 4.53554e-03
7.77778e-01 2.37571e+03 5.31268e-03
7.87879e-01 2.43781e+03 6.23014e-03
7.97980e-01 2.50072e+03 7.31624e-03
8.08081e-01 2.56443e+03 8.60666e-03
8.18182e-01 2.62894e+03 1.01466e-02
8.28283e-01 2.69425e+03 1.19925e-02
8.38384e-01 2.76036e+03 1.42208e-02
8.48485e-01 2.82727e+03 1.69250e-02
8.58586e-01 2.89499e+03 2.02362e-02
8.68687e-01 2.96350e+03 2.43309e-02
8.78788e-01 3.03282e+03 2.94559e-02
8.88889e-01 3.10293e+03 3.59672e-02
8.98990e-01 3.17384e+03 4.44026e-02
9.09091e-01 3.24556e+03 5.55886e-02
9.19192e-01 3.31806e+03 7.09599e-02
9.29293e-01 3.39137e+03 9.32187e-02
9.39394e-01 3.46546e+03 1.28111e-01
9.49495e-01 3.54032e+03 1.91180e-01
9.59596e-01 3.61588e+03 3.53264e-01
9.69697e-01 3.21180e+03 2.74714e+02
