0.00000e+00 0.00000e+00 0.00000e+00
1.01010e-02 4.00695e-01 0.00000e+00
2.02020e-02 1.60278e+00 0.00000e+00
3.03030e-02 3.60626e+00 0.00000e+00
4.04040e-02 6.41112e+00 0.00000e+00
5.05051e-02 1.00174e+01 0.00000e+00
6.06061e-02 1.44250e+01 0.00000e+00
7.07071e-02 1.96341e+01 0.00000e+00
8.08081e-02 2.56445e+01 0.00000e+00
9.09091e-02 3.24563e+01 0.00000e+00
1.01010e-01 4.00695e+01 8.06963e-10
1.11111e-01 4.84841e+01 2.10298e-08
1.21212e-01 5.77001e+01 1.38137e-07
1.31313e-01 6.77175e+01 5.38681e-07
1.41414e-01 7.85362e+01 1.58287e-06
1.51515e-01 9.01564e+01 3.89769e-06
1.61616e-01 1.02578e+02 8.51997e-06
1.71717e-01 1.15801e+02 1.71237e-05
1.81818e-01 1.29825e+02 3.24113e-05
1.91919e-01 1.44651e+02 5.88274e-05
2.02020e-01 1.60278e+02 1.04032e-04
2.12121e-01 1.76706e+02 1.82387e-04
2.22222e-01 1.93936e+02 3.25521e-04
2.32323e-01 2.11967e+02 6.35108e-04
2.42424e-01 2.30793e+02 6.37210e-03
