0.00000e+00 0.00000e+00 0.00000e+00
1.01010e-02 4.00695e-01 0.00000e+00
2.02020e-02 1.60278e+00 0.00000e+00
3.03030e-02 3.60626e+00 0.00000e+00
4.04040e-02 6.41112e+00 0.00000e+00
5.05051e-02 1.00174e+01 0.00000e+00
6.06061e-02 1.44250e+01 0.00000e+00
7.07071e-02 1.96341e+01 0.00000e+00
8.08081e-02 2.56445e+01 0.00000e+00
9.09091e-02 3.24563e+01 0.00000e+00
1.01010e-01 4.00695e+01 2.30744e-13
1.11111e-01 4.84841e+01 5.78580e-12
1.21212e-01 5.77001e+01 4.01616e-11
1.31313e-01 6.77175e+01 1.56352e-10
1.41414e-01 7.85362e+01 4.62277e-10
1.51515e-01 9.01564e+01 1.14299e-09
1.61616e-01 1.02578e+02 2.49541e-09
1.71717e-01 1.15801e+02 4.98547e-09
1.81818e-01 1.29825e+02 9.33672e-09
1.91919e-01 1.44651e+02 1.65086e-08
2.02020e-01 1.60278e+02 3.38018e-08
2.12121e-01 1.76707e+02 6.14253e-08
2.22222e-01 1.93936e+02 1.04219e-07
2.32323e-01 2.11968e+02 1.90916e-07
2.42424e-01 2.30800e+02 2.94802e-07
2.52525e-01 2.50434e+02 4.33716e-07
2.62626e-01 2.70870e+02 6.08416e-07
2.72727e-01 2.92107e+02 8.41590e-07
2.82828e-01 3.14145e+02 1.14885e-06
2.92929e-01 3.36985e+02 1.54774e-06
3.03030e-01 3.60626e+02 2.05962e-06
3.13131e-01 3.85068e+02 2.71330e-06
3.23232e-01 4.10312e+02 3.53935e-06
3.33333e-01 4.36357e+02 4.57694e-06
3.43434e-01 4.63204e+02 5.86768e-06
3.53535e-01 4.90852e+02 7.46680e-06
3.63636e-01 5.19301e+02 9.43803e-06
3.73737e-01 5.48552e+02 1.18588e-05
3.83838e-01 5.78604e+02 1.48100e-05
3.93939e-01 6.09457e+02 1.84045e-05
4.04040e-01 6.41112e+02 2.28291e-05
4.14141e-01 6.73568e+02 2.80433e-05
4.24242e-01 7.06826e+02 3.44401e-05
4.34343e-01 7.40885e+02 4.20453e-05
4.44444e-01 7.75746e+02 5.11477e-05
4.54545e-01 8.11408e+02 6.20014e-05
4.64646e-01 8.47871e+02 7.49294e-05
4.74747e-01 8.85135e+02 9.02987e-05
4.84848e-01 9.23201e+02 1.08514e-04
4.94949e-01 9.62069e+02 1.30080e-04
5.05051e-01 1.00174e+03 1.55565e-04
5.15152e-01 1.04221e+03 1.85634e-04
5.25253e-01 1.08348e+03 2.21063e-04
5.35354e-01 1.12555e+03 2.62771e-04
5.45455e-01 1.16843e+03 3.11766e-04
5.55556e-01 1.21210e+03 3.69409e-04
5.65657e-01 1.25658e+03 4.36943e-04
5.75758e-01 1.30186e+03 5.16105e-04
5.85859e-01 1.34794e+03 6.08816e-04
5.95960e-01 1.39482e+03 7.17338e-04
6.06061e-01 1.44250e+03 8.44314e-04
6.16162e-01 1.49099e+03 9.92776e-04
6.26263e-01 1.54027e+03 1.16631e-03
6.36364e-01 1.59036e+03 1.36914e-03
6.46465e-01 1.64125e+03 1.60618e-03
6.56566e-01 1.69293e+03 1.88314e-03
6.66667e-01 1.74543e+03 2.20685e-03
6.76768e-01 1.79872e+03 2.58527e-03
6.86869e-01 1.85281e+03 3.02783e-03
6.96970e-01 1.90770e+03 3.54577e-03
7.07071e-01 1.96340e+03 4.15231e-03
7.17172e-01 2.01990e+03 4.86344e-03
7.27273e-01 2.07720e+03 5.69821e-03
7.37374e-01 2.13530e+03 6.68018e-03
7.47475e-01 2.19420e+03 7.83631e-03
7.57576e-01 2.25390e+03 9.20117e-03
7.67677e-01 2.31440e+03 1.08164e-02
7.77778e-01 2.37571e+03 1.27341e-02
7.87879e-01 2.43781e+03 1.50193e-02
7.97980e-01 2.50072e+03 1.77540e-02
8.08081e-01 2.56442e+03 2.10433e-02
8.18182e-01 2.62893e+03 2.50277e-02
8.28283e-01 2.69424e+03 2.98830e-02
8.38384e-01 2.76035e+03 3.58547e-02
8.48485e-01 2.82725e+03 4.32777e-02
8.58586e-01 2.89496e+03 5.26369e-02
8.68687e-01 2.96347e+03 6.46175e-02
8.78788e-01 3.03277e+03 8.03029e-02
8.88889e-01 3.10287e+03 1.01419e-01
8.98990e-01 3.17376e+03 1.31102e-01
9.09091e-01 3.24543e+03 1.76014e-01
9.19192e-01 3.31787e+03 2.54923e-01
9.29293e-01 3.39094e+03 5.04658e-01
9.39394e-01 3.26664e+03 1.14086e+02
