0.00000e+00 5.63879e-01 1.62236e+00
1.01010e-02 6.02574e-01 1.62425e+00
2.02020e-02 6.45679e-01 1.62665e+00
3.03030e-02 6.93186e-01 1.62989e+00
4.04040e-02 7.43818e-01 1.63553e+00
5.05051e-02 7.83837e-01 1.65709e+00
6.06061e-02 7.78503e-01 1.72545e+00
7.07071e-02 7.73894e-01 1.79355e+00
8.08081e-02 7.85317e-01 1.84511e+00
9.09091e-02 7.78384e-01 1.91512e+00
1.01010e-01 7.82867e-01 1.97397e+00
1.11111e-01 7.78554e-01 2.04184e+00
1.21212e-01 7.76642e-01 2.10705e+00
1.31313e-01 7.72122e-01 2.17475e+00
1.41414e-01 7.85058e-01 2.22503e+00
1.51515e-01 7.72104e-01 2.30127e+00
1.61616e-01 7.74266e-01 2.36260e+00
1.71717e-01 7.69712e-01 2.43040e+00
1.81818e-01 7.70402e-01 2.49289e+00
1.91919e-01 7.71849e-01 2.55481e+00
2.02020e-01 7.70530e-01 2.61945e+00
2.12121e-01 7.65527e-01 2.68758e+00
2.22222e-01 7.63388e-01 2.75240e+00
2.32323e-01 7.64314e-01 2.81490e+00
2.42424e-01 7.57208e-01 2.88527e+00
2.52525e-01 7.54865e-01 2.95083e+00
2.62626e-01 7.56214e-01 3.01240e+00
2.72727e-01 7.55439e-01 3.07599e+00
2.82828e-01 7.58240e-01 3.13621e+00
2.92929e-01 7.57464e-01 3.20018e+00
3.03030e-01 7.48040e-01 3.27250e+00
3.13131e-01 7.48112e-01 3.33545e+00
3.23232e-01 7.46951e-01 3.39949e+00
3.33333e-01 7.45753e-01 3.46349e+00
3.43434e-01 7.40812e-01 3.53136e+00
3.53535e-01 7.43073e-01 3.59195e+00
3.63636e-01 7.38139e-01 3.65982e+00
3.73737e-01 7.39882e-01 3.72078e+00
3.83838e-01 7.45680e-01 3.77803e+00
3.93939e-01 7.41946e-01 3.84475e+00
4.04040e-01 7.35067e-01 3.91455e+00
4.14141e-01 7.30209e-01 3.98233e+00
4.24242e-01 7.36998e-01 4.03845e+00
4.34343e-01 7.25346e-01 4.11287e+00
4.44444e-01 7.28113e-01 4.17280e+00
4.54545e-01 7.21332e-01 4.24201e+00
4.64646e-01 7.21867e-01 4.30385e+00
4.74747e-01 7.16755e-01 4.37153e+00
4.84848e-01 7.17153e-01 4.43346e+00
4.94949e-01 7.13212e-01 4.49966e+00
5.05051e-01 7.07916e-01 4.56738e+00
5.15152e-01 7.05880e-01 4.63151e+00
5.25253e-01 7.10413e-01 4.68937e+00
5.35354e-01 7.05604e-01 4.75622e+00
5.45455e-01 7.06671e-01 4.81726e+00
5.55556e-01 7.04331e-01 4.88181e+00
5.65657e-01 7.03143e-01 4.94524e+00
5.75758e-01 6.92996e-01 5.01751e+00
5.85859e-01 6.94807e-01 5.07778e+00
5.95960e-01 6.89832e-01 5.14476e+00
6.06061e-01 6.87998e-01 5.20876e+00
6.16162e-01 6.82821e-01 5.27608e+00
6.26263e-01 6.80906e-01 5.33986e+00
6.36364e-01 6.77142e-01 5.40519e+00
6.46465e-01 6.70863e-01 5.47302e+00
6.56566e-01 6.66288e-01 5.53866e+00
6.66667e-01 6.65928e-01 5.60009e+00
6.76768e-01 6.62990e-01 5.66404e+00
6.86869e-01 6.55957e-01 5.73213e+00
6.96970e-01 6.50919e-01 5.79790e+00
7.07071e-01 6.55959e-01 5.85359e+00
7.17172e-01 6.52714e-01 5.91751e+00
7.27273e-01 6.42271e-01 5.98851e+00
7.37374e-01 6.39926e-01 6.05144e+00
7.47475e-01 6.35374e-01 6.11659e+00
7.57576e-01 6.23739e-01 6.18852e+00
7.67677e-01 6.22626e-01 6.24900e+00
7.77778e-01 6.12375e-01 6.31852e+00
7.87879e-01 6.06860e-01 6.38309e+00
7.97980e-01 6.08474e-01 6.44028e+00
8.08081e-01 6.05790e-01 6.50173e+00
8.18182e-01 5.92889e-01 6.57308e+00
8.28283e-01 5.81767e-01 6.64241e+00
8.38384e-01 5.82590e-01 6.69913e+00
8.48485e-01 5.71768e-01 6.76734e+00
8.58586e-01 5.62552e-01 6.83353e+00
8.68687e-01 5.57073e-01 6.89529e+00
8.78788e-01 5.43505e-01 6.96448e+00
8.88889e-01 5.33320e-01 7.02934e+00
8.98990e-01 5.25015e-01 7.09190e+00
9.09091e-01 5.16803e-01 7.15370e+00
9.19192e-01 5.05425e-01 7.21797e+00
9.29293e-01 4.89877e-01 7.28559e+00
9.39394e-01 4.76590e-01 7.34968e+00
9.49495e-01 4.53905e-01 7.42174e+00
9.59596e-01 4.34736e-01 7.48841e+00
9.69697e-01 4.15512e-01 7.55380e+00
9.79798e-01 3.74604e-01 7.63980e+00
9.89899e-01 3.43960e-01 7.71526e+00
1.00000e+00 2.02957e-01 7.91150e+00
