9.48884e-01
1.06914e+00
1.19824e+00
1.33351e+00
1.47308e+00
1.58108e+00
1.56815e+00
1.55670e+00
1.59068e+00
1.57586e+00
1.59016e+00
1.57901e+00
1.57784e+00
1.57175e+00
1.60869e+00
1.57715e+00
1.58596e+00
1.57597e+00
1.58265e+00
1.58916e+00
1.58884e+00
1.57931e+00
1.57991e+00
1.58530e+00
1.56756e+00
1.56618e+00
1.57622e+00
1.57781e+00
1.59011e+00
1.59145e+00
1.56900e+00
1.57356e+00
1.57694e+00
1.57800e+00
1.56924e+00
1.58087e+00
1.57086e+00
1.58232e+00
1.60226e+00
1.59566e+00
1.58088e+00
1.57309e+00
1.59813e+00
1.57284e+00
1.58568e+00
1.57441e+00
1.58257e+00
1.57359e+00
1.57978e+00
1.57742e+00
1.56765e+00
1.57001e+00
1.58807e+00
1.58338e+00
1.59189e+00
1.59006e+00
1.59368e+00
1.57239e+00
1.58447e+00
1.57903e+00
1.58203e+00
1.57197e+00
1.57751e+00
1.57882e+00
1.57033e+00
1.56985e+00
1.57978e+00
1.58001e+00
1.57222e+00
1.56943e+00
1.59223e+00
1.59458e+00
1.57647e+00
1.57849e+00
1.57898e+00
1.56136e+00
1.57471e+00
1.56171e+00
1.56167e+00
1.58375e+00
1.59312e+00
1.57213e+00
1.56084e+00
1.58246e+00
1.57316e+00
1.56485e+00
1.57316e+00
1.56477e+00
1.56520e+00
1.57098e+00
1.57683e+00
1.57582e+00
1.56842e+00
1.57360e+00
1.56245e+00
1.56723e+00
1.57966e+00
1.55259e+00
1.58896e+00
7.71437e-01
