0.00000e+00 0.00000e+00
2.04082e-02 2.04035e-02
4.08163e-02 4.07788e-02
6.12245e-02 6.10978e-02
8.16327e-02 8.13327e-02
1.02041e-01 1.01456e-01
1.22449e-01 1.21439e-01
1.42857e-01 1.41257e-01
1.63265e-01 1.60881e-01
1.83673e-01 1.80286e-01
2.04082e-01 1.99447e-01
2.24490e-01 2.18339e-01
2.44898e-01 2.36938e-01
2.65306e-01 2.55221e-01
2.85714e-01 2.73165e-01
3.06122e-01 2.90748e-01
3.26531e-01 3.07951e-01
3.46939e-01 3.24754e-01
3.67347e-01 3.41137e-01
3.87755e-01 3.57083e-01
4.08163e-01 3.72576e-01
4.28571e-01 3.87601e-01
4.48980e-01 4.02143e-01
4.69388e-01 4.16188e-01
4.89796e-01 4.29725e-01
5.10204e-01 4.42743e-01
5.30612e-01 4.55229e-01
5.51020e-01 4.67178e-01
5.71429e-01 4.78581e-01
5.91837e-01 4.89429e-01
6.12245e-01 4.99717e-01
6.32653e-01 5.09441e-01
6.53061e-01 5.18595e-01
6.73469e-01 5.27175e-01
6.93878e-01 5.35178e-01
7.14286e-01 5.42602e-01
7.34694e-01 5.49443e-01
7.55102e-01 5.55698e-01
7.75510e-01 5.61363e-01
7.95918e-01 5.66436e-01
8.16327e-01 5.70906e-01
8.36735e-01 5.74764e-01
8.57143e-01 5.77995e-01
8.77551e-01 5.80570e-01
8.97959e-01 5.82444e-01
9.18367e-01 5.83532e-01
9.38776e-01 5.83651e-01
9.59184e-01 5.82324e-01
9.79592e-01 5.78171e-01
1.00000e+00 5.64782e-01
1.00010e+00 5.64639e-01
1.00411e+00 1.08553e-03
