0.00000e+00 0.00000e+00 5.48417e-01
3.26531e-02 9.21601e-03 5.48418e-01
6.53061e-02 1.84271e-02 5.48422e-01
9.79592e-02 2.76331e-02 5.48428e-01
1.30612e-01 3.68336e-02 5.48437e-01
1.63265e-01 4.60285e-02 5.48449e-01
1.95918e-01 5.52174e-02 5.48465e-01
2.28571e-01 6.44000e-02 5.48484e-01
2.61224e-01 7.35756e-02 5.48507e-01
2.93878e-01 8.27442e-02 5.48533e-01
3.26531e-01 9.19051e-02 5.48565e-01
3.59184e-01 1.01058e-01 5.48601e-01
3.91837e-01 1.10202e-01 5.48642e-01
4.24490e-01 1.19337e-01 5.48689e-01
4.57143e-01 1.28462e-01 5.48742e-01
4.89796e-01 1.37576e-01 5.48801e-01
5.22449e-01 1.46679e-01 5.48868e-01
5.55102e-01 1.55769e-01 5.48943e-01
5.87755e-01 1.64845e-01 5.49027e-01
6.20408e-01 1.73907e-01 5.49121e-01
6.53061e-01 1.82952e-01 5.49226e-01
6.85714e-01 1.91979e-01 5.49344e-01
7.18367e-01 2.00986e-01 5.49476e-01
7.51020e-01 2.09970e-01 5.49624e-01
7.83673e-01 2.18928e-01 5.49792e-01
8.16327e-01 2.27856e-01 5.49982e-01
8.48980e-01 2.36750e-01 5.50198e-01
8.81633e-01 2.45599e-01 5.50450e-01
9.14286e-01 2.54398e-01 5.50743e-01
9.46939e-01 2.63128e-01 5.51092e-01
9.79592e-01 2.71765e-01 5.51522e-01
1.01224e+00 2.80251e-01 5.52086e-01
1.04490e+00 2.88441e-01 5.52924e-01
1.07755e+00 2.94742e-01 5.55608e-01
1.11020e+00 2.97444e-01 5.61761e-01
1.14286e+00 2.97626e-01 5.70182e-01
1.17551e+00 2.99246e-01 5.76980e-01
1.20816e+00 3.00358e-01 5.84084e-01
1.24082e+00 3.00741e-01 5.91716e-01
1.27347e+00 2.99884e-01 6.00376e-01
1.30612e+00 3.01728e-01 6.06151e-01
1.33878e+00 3.00527e-01 6.14759e-01
1.37143e+00 3.00291e-01 6.22250e-01
1.40408e+00 3.02198e-01 6.27417e-01
1.43673e+00 3.01761e-01 6.34802e-01
1.46939e+00 3.03257e-01 6.40117e-01
