0.00000e+00 0.00000e+00
3.26531e-02 3.20893e-02
6.53061e-02 6.41635e-02
9.79592e-02 9.62218e-02
1.30612e-01 1.28264e-01
1.63265e-01 1.60288e-01
1.95918e-01 1.92294e-01
2.28571e-01 2.24280e-01
2.61224e-01 2.56244e-01
2.93878e-01 2.88187e-01
3.26531e-01 3.20106e-01
3.59184e-01 3.52000e-01
3.91837e-01 3.83867e-01
4.24490e-01 4.15704e-01
4.57143e-01 4.47511e-01
4.89796e-01 4.79286e-01
5.22449e-01 5.11024e-01
5.55102e-01 5.42720e-01
5.87755e-01 5.74376e-01
6.20408e-01 6.05985e-01
6.53061e-01 6.37542e-01
6.85714e-01 6.69041e-01
7.18367e-01 7.00474e-01
7.51020e-01 7.31829e-01
7.83673e-01 7.63090e-01
8.16327e-01 7.94246e-01
8.48980e-01 8.25267e-01
8.81633e-01 8.56090e-01
9.14286e-01 8.86699e-01
9.46939e-01 9.16982e-01
9.79592e-01 9.46812e-01
1.01224e+00 9.75854e-01
1.04490e+00 1.00328e+00
1.07755e+00 1.01934e+00
1.11020e+00 9.89545e-01
1.14286e+00 8.18265e-01
1.17551e+00 5.81574e-01
1.20816e+00 3.62085e-01
1.24082e+00 1.75704e-01
1.27347e+00 4.19604e-02
1.30612e+00 1.39433e-02
1.33878e+00 8.77136e-03
1.37143e+00 7.15117e-03
1.40408e+00 6.34026e-03
1.43673e+00 5.50403e-03
1.46939e+00 5.01169e-03
