0.00000e+00 7.04829e-02 8.73143e-02
1.01010e-01 6.98943e-02 1.30266e-01
2.02020e-01 6.99055e-02 1.66576e-01
3.03030e-01 7.21098e-02 1.98400e-01
4.04040e-01 7.27309e-02 2.32686e-01
5.05051e-01 7.37030e-02 2.65801e-01
6.06061e-01 7.42014e-02 2.98717e-01
7.07071e-01 7.41210e-02 3.31288e-01
8.08081e-01 7.44400e-02 3.64185e-01
9.09091e-01 7.54882e-02 3.96848e-01
1.01010e+00 7.58076e-02 4.29990e-01
1.11111e+00 7.54973e-02 4.61967e-01
1.21212e+00 7.54943e-02 4.93245e-01
1.31313e+00 7.61260e-02 5.25255e-01
1.41414e+00 7.69685e-02 5.55713e-01
1.51515e+00 7.70318e-02 5.88297e-01
1.61616e+00 7.74962e-02 6.19391e-01
1.71717e+00 7.76725e-02 6.52213e-01
1.81818e+00 7.78361e-02 6.83485e-01
1.91919e+00 7.68754e-02 7.16364e-01
2.02020e+00 7.67961e-02 7.47787e-01
2.12121e+00 7.69670e-02 7.80357e-01
2.22222e+00 7.76414e-02 8.10559e-01
2.32323e+00 7.85206e-02 8.41758e-01
2.42424e+00 7.89012e-02 8.72357e-01
2.52525e+00 7.76410e-02 9.05366e-01
2.62626e+00 7.81379e-02 9.37768e-01
2.72727e+00 7.73484e-02 9.71955e-01
2.82828e+00 7.70011e-02 1.00410e+00
2.92929e+00 7.78687e-02 1.03373e+00
3.03030e+00 7.81331e-02 1.06468e+00
3.13131e+00 7.86645e-02 1.09652e+00
3.23232e+00 7.82681e-02 1.13047e+00
3.33333e+00 7.74195e-02 1.16326e+00
3.43434e+00 7.86151e-02 1.19366e+00
3.53535e+00 7.76639e-02 1.22744e+00
3.63636e+00 7.88551e-02 1.25782e+00
3.73737e+00 7.82729e-02 1.28949e+00
3.83838e+00 7.89340e-02 1.32167e+00
3.93939e+00 7.80940e-02 1.35487e+00
4.04040e+00 7.73082e-02 1.38777e+00
4.14141e+00 7.89881e-02 1.41874e+00
4.24242e+00 7.78027e-02 1.45089e+00
4.34343e+00 7.85162e-02 1.48265e+00
4.44444e+00 7.89046e-02 1.51435e+00
4.54545e+00 7.86551e-02 1.54615e+00
4.64646e+00 7.95192e-02 1.57710e+00
4.74747e+00 7.81510e-02 1.61052e+00
4.84848e+00 7.82175e-02 1.64257e+00
4.94949e+00 7.80378e-02 1.67443e+00
5.05051e+00 7.80920e-02 1.70577e+00
5.15152e+00 7.77251e-02 1.73796e+00
5.25253e+00 7.76490e-02 1.76972e+00
5.35354e+00 7.77819e-02 1.80043e+00
5.45455e+00 7.83595e-02 1.83254e+00
5.55556e+00 7.83736e-02 1.86434e+00
5.65657e+00 7.87427e-02 1.89551e+00
5.75758e+00 7.91969e-02 1.92756e+00
5.85859e+00 7.93953e-02 1.95932e+00
5.95960e+00 7.84672e-02 1.99343e+00
6.06061e+00 7.88133e-02 2.02518e+00
6.16162e+00 7.86075e-02 2.05691e+00
6.26263e+00 7.77918e-02 2.09013e+00
6.36364e+00 7.75068e-02 2.12139e+00
6.46465e+00 7.78545e-02 2.15111e+00
6.56566e+00 7.80487e-02 2.18295e+00
6.66667e+00 7.88978e-02 2.21480e+00
6.76768e+00 7.92281e-02 2.24647e+00
6.86869e+00 7.90253e-02 2.27959e+00
6.96970e+00 7.85067e-02 2.31273e+00
7.07071e+00 7.91409e-02 2.34316e+00
7.17172e+00 7.83112e-02 2.37565e+00
7.27273e+00 7.85113e-02 2.40733e+00
7.37374e+00 7.87651e-02 2.43863e+00
7.47475e+00 7.85728e-02 2.47079e+00
7.57576e+00 7.87692e-02 2.50276e+00
7.67677e+00 7.84219e-02 2.53470e+00
7.77778e+00 7.77303e-02 2.56726e+00
7.87879e+00 7.83795e-02 2.59814e+00
7.97980e+00 7.85193e-02 2.63040e+00
8.08081e+00 7.88550e-02 2.66157e+00
8.18182e+00 7.88061e-02 2.69413e+00
8.28283e+00 7.87857e-02 2.72569e+00
8.38384e+00 7.98127e-02 2.75493e+00
8.48485e+00 7.91977e-02 2.78828e+00
8.58586e+00 7.91316e-02 2.82004e+00
8.68687e+00 7.94959e-02 2.85214e+00
8.78788e+00 7.92821e-02 2.88319e+00
8.88889e+00 7.95329e-02 2.91490e+00
8.98990e+00 7.86524e-02 2.94802e+00
9.09091e+00 7.89878e-02 2.98021e+00
9.19192e+00 7.90578e-02 3.01152e+00
9.29293e+00 7.80635e-02 3.04399e+00
9.39394e+00 7.77366e-02 3.07569e+00
9.49495e+00 7.83109e-02 3.10590e+00
9.59596e+00 7.86703e-02 3.13831e+00
9.69697e+00 7.81637e-02 3.17140e+00
9.79798e+00 7.82108e-02 3.20289e+00
9.89899e+00 7.86497e-02 3.23436e+00
1.00000e+01 7.93033e-02 3.26678e+00
