0.00000e+00 0.00000e+00 0.00000e+00
1.01010e-02 4.00695e-01 0.00000e+00
2.02020e-02 1.60278e+00 0.00000e+00
3.03030e-02 3.60626e+00 0.00000e+00
4.04040e-02 6.41112e+00 0.00000e+00
5.05051e-02 1.00174e+01 0.00000e+00
6.06061e-02 1.44250e+01 0.00000e+00
7.07071e-02 1.96341e+01 0.00000e+00
8.08081e-02 2.56445e+01 0.00000e+00
9.09091e-02 3.24563e+01 0.00000e+00
1.01010e-01 4.00695e+01 4.43846e-13
1.11111e-01 4.84841e+01 1.12590e-11
1.21212e-01 5.77001e+01 7.73628e-11
1.31313e-01 6.77175e+01 3.00750e-10
1.41414e-01 7.85362e+01 8.89207e-10
1.51515e-01 9.01564e+01 2.19859e-09
1.61616e-01 1.02578e+02 4.80003e-09
1.71717e-01 1.15801e+02 1.20918e-08
1.81818e-01 1.29825e+02 2.52521e-08
1.91919e-01 1.44651e+02 4.77018e-08
2.02020e-01 1.60278e+02 1.04346e-07
2.12121e-01 1.76707e+02 1.71468e-07
2.22222e-01 1.93936e+02 2.69070e-07
2.32323e-01 2.11968e+02 3.99621e-07
2.42424e-01 2.30800e+02 5.92084e-07
2.52525e-01 2.50434e+02 8.41344e-07
2.62626e-01 2.70870e+02 1.19269e-06
2.72727e-01 2.92107e+02 1.63934e-06
2.82828e-01 3.14145e+02 2.22902e-06
2.92929e-01 3.36985e+02 2.99501e-06
3.03030e-01 3.60626e+02 3.98013e-06
3.13131e-01 3.85068e+02 5.27084e-06
3.23232e-01 4.10312e+02 6.84537e-06
3.33333e-01 4.36357e+02 8.83129e-06
3.43434e-01 4.63204e+02 1.13690e-05
3.53535e-01 4.90851e+02 1.44291e-05
3.63636e-01 5.19301e+02 1.82163e-05
3.73737e-01 5.48552e+02 2.29611e-05
3.83838e-01 5.78604e+02 2.86131e-05
3.93939e-01 6.09457e+02 3.56421e-05
4.04040e-01 6.41112e+02 4.40837e-05
4.14141e-01 6.73568e+02 5.41585e-05
4.24242e-01 7.06826e+02 6.65264e-05
4.34343e-01 7.40885e+02 8.12551e-05
4.44444e-01 7.75746e+02 9.88954e-05
4.54545e-01 8.11407e+02 1.19949e-04
4.64646e-01 8.47871e+02 1.45044e-04
4.74747e-01 8.85135e+02 1.74946e-04
4.84848e-01 9.23201e+02 2.10388e-04
4.94949e-01 9.62069e+02 2.52388e-04
5.05051e-01 1.00174e+03 3.02080e-04
5.15152e-01 1.04221e+03 3.60796e-04
5.25253e-01 1.08348e+03 4.30076e-04
5.35354e-01 1.12555e+03 5.11742e-04
5.45455e-01 1.16843e+03 6.07903e-04
5.55556e-01 1.21210e+03 7.21032e-04
5.65657e-01 1.25658e+03 8.54007e-04
5.75758e-01 1.30186e+03 1.01024e-03
5.85859e-01 1.34794e+03 1.19367e-03
5.95960e-01 1.39482e+03 1.40895e-03
6.06061e-01 1.44250e+03 1.66160e-03
6.16162e-01 1.49098e+03 1.95792e-03
6.26263e-01 1.54027e+03 2.30557e-03
6.36364e-01 1.59036e+03 2.71358e-03
6.46465e-01 1.64124e+03 3.19261e-03
6.56566e-01 1.69293e+03 3.75489e-03
6.66667e-01 1.74542e+03 4.41564e-03
6.76768e-01 1.79871e+03 5.19268e-03
6.86869e-01 1.85281e+03 6.10750e-03
6.96970e-01 1.90770e+03 7.18612e-03
7.07071e-01 1.96340e+03 8.46005e-03
7.17172e-01 2.01989e+03 9.96758e-03
7.27273e-01 2.07719e+03 1.17571e-02
7.37374e-01 2.13529e+03 1.38856e-02
7.47475e-01 2.19419e+03 1.64275e-02
7.57576e-01 2.25389e+03 1.94752e-02
7.67677e-01 2.31439e+03 2.31481e-02
7.77778e-01 2.37569e+03 2.76045e-02
7.87879e-01 2.43779e+03 3.30450e-02
7.97980e-01 2.50069e+03 3.97501e-02
8.08081e-01 2.56439e+03 4.81116e-02
8.18182e-01 2.62889e+03 5.86727e-02
8.28283e-01 2.69419e+03 7.22728e-02
8.38384e-01 2.76028e+03 9.02076e-02
8.48485e-01 2.82717e+03 1.14693e-01
8.58586e-01 2.89485e+03 1.49909e-01
8.68687e-01 2.96331e+03 2.05491e-01
8.78788e-01 3.03251e+03 3.19060e-01
8.88889e-01 3.04737e+03 3.28245e+01
