0.00000e+00 0.00000e+00 0.00000e+00
1.01010e-02 4.00699e-01 0.00000e+00
2.02020e-02 1.60280e+00 0.00000e+00
3.03030e-02 3.60629e+00 0.00000e+00
4.04040e-02 6.41119e+00 0.00000e+00
5.05051e-02 1.00175e+01 0.00000e+00
6.06061e-02 1.44252e+01 0.00000e+00
7.07071e-02 1.96343e+01 0.00000e+00
8.08081e-02 2.56448e+01 0.00000e+00
9.09091e-02 3.24566e+01 0.00000e+00
1.01010e-01 4.00699e+01 0.00000e+00
1.11111e-01 4.84846e+01 0.00000e+00
1.21212e-01 5.77007e+01 0.00000e+00
1.31313e-01 6.77182e+01 0.00000e+00
1.41414e-01 7.85371e+01 0.00000e+00
1.51515e-01 9.01573e+01 0.00000e+00
1.61616e-01 1.02579e+02 0.00000e+00
1.71717e-01 1.15802e+02 0.00000e+00
1.81818e-01 1.29827e+02 0.00000e+00
1.91919e-01 1.44652e+02 0.00000e+00
2.02020e-01 1.60280e+02 2.20799e-22
2.12121e-01 1.76708e+02 3.07043e-10
2.22222e-01 1.93938e+02 6.07081e-09
2.32323e-01 2.11970e+02 3.11718e-08
2.42424e-01 2.30803e+02 2.01183e-07
2.52525e-01 2.50437e+02 5.49853e-07
2.62626e-01 2.70873e+02 1.24093e-06
2.72727e-01 2.92110e+02 2.47679e-06
2.82828e-01 3.14148e+02 4.51733e-06
2.92929e-01 3.36988e+02 7.75343e-06
3.03030e-01 3.60629e+02 1.25864e-05
3.13131e-01 3.85072e+02 1.96310e-05
3.23232e-01 4.10316e+02 2.95260e-05
3.33333e-01 4.36362e+02 4.31857e-05
3.43434e-01 4.63208e+02 6.15982e-05
3.53535e-01 4.90857e+02 8.60039e-05
3.63636e-01 5.19306e+02 1.17980e-04
3.73737e-01 5.48557e+02 1.59237e-04
3.83838e-01 5.78610e+02 2.12050e-04
3.93939e-01 6.09463e+02 2.78932e-04
4.04040e-01 6.41118e+02 3.63004e-04
4.14141e-01 6.73575e+02 4.68004e-04
4.24242e-01 7.06833e+02 5.98354e-04
4.34343e-01 7.40892e+02 7.59452e-04
4.44444e-01 7.75753e+02 9.57735e-04
4.54545e-01 8.11415e+02 1.20111e-03
4.64646e-01 8.47878e+02 1.49896e-03
4.74747e-01 8.85142e+02 1.86292e-03
4.84848e-01 9.23208e+02 2.30721e-03
4.94949e-01 9.62076e+02 2.84954e-03
5.05051e-01 1.00174e+03 3.51213e-03
5.15152e-01 1.04221e+03 4.32241e-03
5.25253e-01 1.08348e+03 5.31612e-03
5.35354e-01 1.12556e+03 6.53885e-03
5.45455e-01 1.16843e+03 8.05144e-03
5.55556e-01 1.21210e+03 9.93442e-03
5.65657e-01 1.25658e+03 1.23008e-02
5.75758e-01 1.30185e+03 1.53108e-02
5.85859e-01 1.34793e+03 1.92039e-02
5.95960e-01 1.39480e+03 2.43655e-02
6.06061e-01 1.44248e+03 3.14683e-02
6.16162e-01 1.49095e+03 4.19087e-02
6.26263e-01 1.54022e+03 5.96601e-02
6.36364e-01 1.58882e+03 1.16595e+00
