0.00000e+00 0.00000e+00 0.00000e+00
1.01010e-02 4.00695e-01 0.00000e+00
2.02020e-02 1.60278e+00 0.00000e+00
3.03030e-02 3.60626e+00 0.00000e+00
4.04040e-02 6.41112e+00 0.00000e+00
5.05051e-02 1.00174e+01 0.00000e+00
6.06061e-02 1.44250e+01 0.00000e+00
7.07071e-02 1.96341e+01 0.00000e+00
8.08081e-02 2.56445e+01 0.00000e+00
9.09091e-02 3.24563e+01 0.00000e+00
1.01010e-01 4.00695e+01 1.34234e-11
1.11111e-01 4.84841e+01 4.53535e-10
1.21212e-01 5.77001e+01 2.85731e-09
1.31313e-01 6.77175e+01 1.96551e-08
1.41414e-01 7.85362e+01 5.83168e-08
1.51515e-01 9.01564e+01 1.41507e-07
1.61616e-01 1.02578e+02 3.02788e-07
1.71717e-01 1.15801e+02 5.90526e-07
1.81818e-01 1.29825e+02 1.07324e-06
1.91919e-01 1.44651e+02 1.84311e-06
2.02020e-01 1.60278e+02 3.03220e-06
2.12121e-01 1.76707e+02 4.80230e-06
2.22222e-01 1.93936e+02 7.36947e-06
2.32323e-01 2.11968e+02 1.10214e-05
2.42424e-01 2.30800e+02 1.61073e-05
2.52525e-01 2.50434e+02 2.30809e-05
2.62626e-01 2.70870e+02 3.25084e-05
2.72727e-01 2.92107e+02 4.50996e-05
2.82828e-01 3.14145e+02 6.17374e-05
2.92929e-01 3.36984e+02 8.35190e-05
3.03030e-01 3.60625e+02 1.11807e-04
3.13131e-01 3.85068e+02 1.48283e-04
3.23232e-01 4.10312e+02 1.95037e-04
3.33333e-01 4.36357e+02 2.54654e-04
3.43434e-01 4.63203e+02 3.30356e-04
3.53535e-01 4.90851e+02 4.26144e-04
3.63636e-01 5.19300e+02 5.47025e-04
3.73737e-01 5.48551e+02 6.99331e-04
3.83838e-01 5.78603e+02 8.91000e-04
3.93939e-01 6.09456e+02 1.13220e-03
4.04040e-01 6.41110e+02 1.43619e-03
4.14141e-01 6.73566e+02 1.82000e-03
4.24242e-01 7.06823e+02 2.30666e-03
4.34343e-01 7.40882e+02 2.92715e-03
4.44444e-01 7.75741e+02 3.72513e-03
4.54545e-01 8.11402e+02 4.76357e-03
4.64646e-01 8.47863e+02 6.13847e-03
4.74747e-01 8.85126e+02 8.00780e-03
4.84848e-01 9.23188e+02 1.06613e-02
4.94949e-01 9.62051e+02 1.47449e-02
5.05051e-01 1.00171e+03 2.25752e-02
5.15152e-01 1.04191e+03 2.37293e-01
