0.00000e+00 0.00000e+00 0.00000e+00
1.01010e-02 4.00694e-01 0.00000e+00
2.02020e-02 1.60277e+00 0.00000e+00
3.03030e-02 3.60624e+00 0.00000e+00
4.04040e-02 6.41110e+00 0.00000e+00
5.05051e-02 1.00173e+01 2.38623e-13
6.06061e-02 1.44250e+01 4.51119e-10
7.07071e-02 1.96340e+01 6.82287e-09
8.08081e-02 2.56444e+01 4.00315e-08
9.09091e-02 3.24562e+01 1.52664e-07
1.01010e-01 4.00694e+01 4.53964e-07
1.11111e-01 4.84839e+01 1.14913e-06
1.21212e-01 5.76999e+01 2.60009e-06
1.31313e-01 6.77172e+01 5.42339e-06
1.41414e-01 7.85360e+01 1.06545e-05
1.51515e-01 9.01561e+01 2.00395e-05
1.61616e-01 1.02578e+02 3.66020e-05
1.71717e-01 1.15800e+02 6.58684e-05
1.81818e-01 1.29825e+02 1.19060e-04
1.91919e-01 1.44650e+02 2.24643e-04
2.02020e-01 1.60277e+02 5.30836e-04
2.12121e-01 1.76702e+02 3.38115e-03
