0.00000e+00 0.00000e+00 0.00000e+00
1.01010e-02 4.00694e-01 0.00000e+00
2.02020e-02 1.60278e+00 0.00000e+00
3.03030e-02 3.60625e+00 0.00000e+00
4.04040e-02 6.41110e+00 0.00000e+00
5.05051e-02 1.00173e+01 1.34053e-11
6.06061e-02 1.44250e+01 2.59456e-09
7.07071e-02 1.96340e+01 3.23833e-08
8.08081e-02 2.56444e+01 1.76157e-07
9.09091e-02 3.24562e+01 6.58309e-07
1.01010e-01 4.00694e+01 1.97225e-06
1.11111e-01 4.84840e+01 5.14380e-06
1.21212e-01 5.76999e+01 1.24536e-05
1.31313e-01 6.77172e+01 2.94346e-05
1.41414e-01 7.85359e+01 7.36818e-05
1.51515e-01 9.01550e+01 9.34666e-04
