0.00000e+00 0.00000e+00 0.00000e+00
1.01010e-02 4.00694e-01 0.00000e+00
2.02020e-02 1.60278e+00 0.00000e+00
3.03030e-02 3.60625e+00 0.00000e+00
4.04040e-02 6.41110e+00 0.00000e+00
5.05051e-02 1.00173e+01 8.68958e-13
6.06061e-02 1.44250e+01 1.88449e-10
7.07071e-02 1.96340e+01 2.34264e-09
8.08081e-02 2.56444e+01 1.25783e-08
9.09091e-02 3.24562e+01 4.59105e-08
1.01010e-01 4.00694e+01 1.32287e-07
1.11111e-01 4.84840e+01 3.26433e-07
1.21212e-01 5.76999e+01 7.18926e-07
1.31313e-01 6.77173e+01 1.46653e-06
1.41414e-01 7.85360e+01 2.76164e-06
1.51515e-01 9.01561e+01 4.98750e-06
1.61616e-01 1.02578e+02 8.61071e-06
1.71717e-01 1.15801e+02 1.43391e-05
1.81818e-01 1.29825e+02 2.32655e-05
1.91919e-01 1.44650e+02 3.70279e-05
2.02020e-01 1.60278e+02 5.73528e-05
2.12121e-01 1.76706e+02 8.80320e-05
2.22222e-01 1.93936e+02 1.33410e-04
2.32323e-01 2.11967e+02 2.01508e-04
2.42424e-01 2.30799e+02 3.03062e-04
2.52525e-01 2.50433e+02 4.62817e-04
2.62626e-01 2.70868e+02 7.18210e-04
2.72727e-01 2.92104e+02 1.19853e-03
2.82828e-01 3.14130e+02 1.20867e-02
