0.00000e+00 5.61931e-01 1.75623e+00
1.01010e-02 5.95543e-01 1.76270e+00
2.02020e-02 6.33052e-01 1.76956e+00
3.03030e-02 6.74428e-01 1.77716e+00
4.04040e-02 7.19349e-01 1.78610e+00
5.05051e-02 7.66346e-01 1.79803e+00
6.06061e-02 8.10285e-01 1.81787e+00
7.07071e-02 8.34880e-01 1.86070e+00
8.08081e-02 8.39699e-01 1.92495e+00
9.09091e-02 8.40228e-01 1.99297e+00
1.01010e-01 8.43890e-01 2.05905e+00
1.11111e-01 8.39928e-01 2.13267e+00
1.21212e-01 8.30237e-01 2.21070e+00
1.31313e-01 8.32897e-01 2.27689e+00
1.41414e-01 8.34540e-01 2.34394e+00
1.51515e-01 8.29744e-01 2.41797e+00
1.61616e-01 8.23249e-01 2.49277e+00
1.71717e-01 8.15036e-01 2.56877e+00
1.81818e-01 8.30158e-01 2.62172e+00
1.91919e-01 8.29975e-01 2.69127e+00
2.02020e-01 8.24238e-01 2.76593e+00
2.12121e-01 8.28807e-01 2.83060e+00
2.22222e-01 8.09619e-01 2.91854e+00
2.32323e-01 8.03760e-01 2.99159e+00
2.42424e-01 8.15378e-01 3.04746e+00
2.52525e-01 8.20540e-01 3.11099e+00
2.62626e-01 8.10914e-01 3.18917e+00
2.72727e-01 8.16359e-01 3.25182e+00
2.82828e-01 8.14834e-01 3.32149e+00
2.92929e-01 8.09240e-01 3.39570e+00
3.03030e-01 8.09997e-01 3.46329e+00
3.13131e-01 8.15391e-01 3.52670e+00
3.23232e-01 8.05357e-01 3.60534e+00
3.33333e-01 7.99101e-01 3.67943e+00
3.43434e-01 7.98153e-01 3.74838e+00
3.53535e-01 8.08040e-01 3.80674e+00
3.63636e-01 8.04978e-01 3.87894e+00
3.73737e-01 8.08362e-01 3.94509e+00
3.83838e-01 7.89061e-01 4.03302e+00
3.93939e-01 7.97097e-01 4.09339e+00
4.04040e-01 7.84840e-01 4.17414e+00
4.14141e-01 7.94861e-01 4.23199e+00
4.24242e-01 7.76086e-01 4.31870e+00
4.34343e-01 7.77456e-01 4.38452e+00
4.44444e-01 7.80273e-01 4.44919e+00
4.54545e-01 7.72062e-01 4.52524e+00
4.64646e-01 7.74936e-01 4.59002e+00
4.74747e-01 7.66535e-01 4.66607e+00
4.84848e-01 7.67595e-01 4.73226e+00
4.94949e-01 7.70423e-01 4.79657e+00
5.05051e-01 7.72349e-01 4.86276e+00
5.15152e-01 7.73370e-01 4.92956e+00
5.25253e-01 7.76159e-01 4.99534e+00
5.35354e-01 7.66035e-01 5.07382e+00
5.45455e-01 7.52356e-01 5.15492e+00
5.55556e-01 7.51398e-01 5.22300e+00
5.65657e-01 7.46768e-01 5.29447e+00
5.75758e-01 7.37133e-01 5.37037e+00
5.85859e-01 7.35725e-01 5.43796e+00
5.95960e-01 7.43092e-01 5.49675e+00
6.06061e-01 7.60599e-01 5.54728e+00
6.16162e-01 7.48408e-01 5.62825e+00
6.26263e-01 7.31215e-01 5.71297e+00
6.36364e-01 7.23987e-01 5.78626e+00
6.46465e-01 7.32196e-01 5.84442e+00
6.56566e-01 7.38166e-01 5.90608e+00
6.66667e-01 7.23234e-01 5.98873e+00
6.76768e-01 7.34895e-01 6.04420e+00
6.86869e-01 7.09079e-01 6.13717e+00
6.96970e-01 7.03419e-01 6.20825e+00
7.07071e-01 7.10354e-01 6.26736e+00
7.17172e-01 6.92363e-01 6.35065e+00
7.27273e-01 6.92842e-01 6.41535e+00
7.37374e-01 6.94645e-01 6.47893e+00
7.47475e-01 6.76771e-01 6.56174e+00
7.57576e-01 6.74574e-01 6.62807e+00
7.67677e-01 6.89158e-01 6.67853e+00
7.77778e-01 6.65648e-01 6.76716e+00
7.87879e-01 6.53349e-01 6.84284e+00
7.97980e-01 6.47762e-01 6.91171e+00
8.08081e-01 6.54154e-01 6.96895e+00
8.18182e-01 6.45765e-01 7.04088e+00
8.28283e-01 6.29672e-01 7.11969e+00
8.38384e-01 6.28865e-01 7.18259e+00
8.48485e-01 6.18076e-01 7.25518e+00
8.58586e-01 6.12426e-01 7.32231e+00
8.68687e-01 6.06621e-01 7.38907e+00
8.78788e-01 5.94481e-01 7.46134e+00
8.88889e-01 5.78333e-01 7.53713e+00
8.98990e-01 5.90765e-01 7.58430e+00
9.09091e-01 5.74972e-01 7.65952e+00
9.19192e-01 5.51035e-01 7.74142e+00
9.29293e-01 5.44086e-01 7.80484e+00
9.39394e-01 5.31082e-01 7.87392e+00
9.49495e-01 5.10723e-01 7.94869e+00
9.59596e-01 4.72856e-01 8.03901e+00
9.69697e-01 4.60538e-01 8.10204e+00
9.79798e-01 4.31255e-01 8.18168e+00
9.89899e-01 4.03124e-01 8.26146e+00
1.00000e+00 1.98048e-01 8.52520e+00
