0.00000e+00 0.00000e+00 0.00000e+00
1.01010e-02 4.00695e-01 0.00000e+00
2.02020e-02 1.60278e+00 0.00000e+00
3.03030e-02 3.60626e+00 0.00000e+00
4.04040e-02 6.41112e+00 0.00000e+00
5.05051e-02 1.00174e+01 0.00000e+00
6.06061e-02 1.44250e+01 0.00000e+00
7.07071e-02 1.96341e+01 0.00000e+00
8.08081e-02 2.56445e+01 0.00000e+00
9.09091e-02 3.24563e+01 0.00000e+00
1.01010e-01 4.00695e+01 6.97852e-12
1.11111e-01 4.84841e+01 1.63535e-10
1.21212e-01 5.77001e+01 1.46637e-09
1.31313e-01 6.77175e+01 5.84784e-09
1.41414e-01 7.85362e+01 2.95382e-08
1.51515e-01 9.01564e+01 7.30065e-08
1.61616e-01 1.02578e+02 1.56085e-07
1.71717e-01 1.15801e+02 3.05108e-07
1.81818e-01 1.29825e+02 5.56443e-07
1.91919e-01 1.44651e+02 9.55310e-07
2.02020e-01 1.60278e+02 1.56889e-06
2.12121e-01 1.76707e+02 2.48205e-06
2.22222e-01 1.93936e+02 3.80588e-06
2.32323e-01 2.11968e+02 5.68201e-06
2.42424e-01 2.30800e+02 8.28952e-06
2.52525e-01 2.50434e+02 1.18541e-05
2.62626e-01 2.70870e+02 1.66558e-05
2.72727e-01 2.92107e+02 2.30438e-05
2.82828e-01 3.14145e+02 3.14471e-05
2.92929e-01 3.36985e+02 4.23932e-05
3.03030e-01 3.60626e+02 5.65165e-05
3.13131e-01 3.85068e+02 7.46122e-05
3.23232e-01 4.10312e+02 9.76357e-05
3.33333e-01 4.36357e+02 1.26736e-04
3.43434e-01 4.63203e+02 1.63313e-04
3.53535e-01 4.90851e+02 2.09097e-04
3.63636e-01 5.19301e+02 2.66131e-04
3.73737e-01 5.48551e+02 3.36924e-04
3.83838e-01 5.78603e+02 4.24531e-04
3.93939e-01 6.09457e+02 5.32666e-04
4.04040e-01 6.41111e+02 6.65823e-04
4.14141e-01 6.73567e+02 8.29577e-04
4.24242e-01 7.06825e+02 1.03070e-03
4.34343e-01 7.40884e+02 1.27759e-03
4.44444e-01 7.75744e+02 1.58081e-03
4.54545e-01 8.11405e+02 1.95329e-03
4.64646e-01 8.47868e+02 2.41155e-03
4.74747e-01 8.85132e+02 2.97657e-03
4.84848e-01 9.23197e+02 3.67590e-03
4.94949e-01 9.62063e+02 4.54483e-03
5.05051e-01 1.00173e+03 5.63163e-03
5.15152e-01 1.04220e+03 7.00212e-03
5.25253e-01 1.08347e+03 8.74984e-03
5.35354e-01 1.12554e+03 1.10141e-02
5.45455e-01 1.16841e+03 1.40140e-02
5.55556e-01 1.21208e+03 1.81315e-02
5.65657e-01 1.25655e+03 2.41289e-02
5.75758e-01 1.30182e+03 3.40673e-02
5.85859e-01 1.34720e+03 5.63422e-01
