0.38856823203161E00
0.29385475942740E+01
-0.55867188534934E+01
-0.76753199592477E00
0.31729005580416E00
5.4803315897767E-01
1.2279411220335E-01
2.1658961543220E+00
1.5841735109724E+00
-2.3132705405503E-01
5.8116916431436E-02
-5.5369137205382E-01
4.8946615909422E-01
-2.4275739843501E-02
6.2494790501678E-02
-1.2175860225246E-01
-3.7055685270086E-01
-1.6775879700426E-02
-1.1960736637987E-01
-4.5619362508778E-02
3.5612789270346E-02
-7.4427727132052E-03
-1.7395704902432E-03
-2.1810121289527E-02
2.4332166559236E-02
-3.7440133423463E-02
1.4338715756878E-01
-1.3491969083286E-01
-2.3151225053480E-02
1.2363125492901E-02
2.1058321972940E-03
-3.3958519026368E-04
5.5993651771592E-03
-3.0335118055646E-04
-2.1365488688320E+02
2.6641569149272E+04
-2.4027222045570E+04
-2.8341603423999E+02
2.1247284400179E+02
-6.6642276540751E-01
7.2608632349897E-01
5.5068668612842E-02
