0.00000e+00 0.00000e+00 0.00000e+00
1.01010e-02 4.00699e-01 0.00000e+00
2.02020e-02 1.60280e+00 0.00000e+00
3.03030e-02 3.60629e+00 0.00000e+00
4.04040e-02 6.41119e+00 0.00000e+00
5.05051e-02 1.00175e+01 0.00000e+00
6.06061e-02 1.44252e+01 0.00000e+00
7.07071e-02 1.96343e+01 0.00000e+00
8.08081e-02 2.56448e+01 0.00000e+00
9.09091e-02 3.24566e+01 0.00000e+00
1.01010e-01 4.00699e+01 0.00000e+00
1.11111e-01 4.84846e+01 0.00000e+00
1.21212e-01 5.77007e+01 0.00000e+00
1.31313e-01 6.77182e+01 0.00000e+00
1.41414e-01 7.85371e+01 0.00000e+00
1.51515e-01 9.01573e+01 0.00000e+00
1.61616e-01 1.02579e+02 0.00000e+00
1.71717e-01 1.15802e+02 0.00000e+00
1.81818e-01 1.29827e+02 0.00000e+00
1.91919e-01 1.44652e+02 0.00000e+00
2.02020e-01 1.60280e+02 4.35898e-24
2.12121e-01 1.76708e+02 4.92683e-12
2.22222e-01 1.93938e+02 7.84334e-11
2.32323e-01 2.11970e+02 4.45756e-10
2.42424e-01 2.30803e+02 1.53055e-09
2.52525e-01 2.50437e+02 4.09690e-09
2.62626e-01 2.70873e+02 9.21123e-09
2.72727e-01 2.92110e+02 1.84675e-08
2.82828e-01 3.14148e+02 3.41499e-08
2.92929e-01 3.36988e+02 5.93873e-08
3.03030e-01 3.60629e+02 1.65961e-07
3.13131e-01 3.85072e+02 3.32366e-07
3.23232e-01 4.10316e+02 5.36958e-07
3.33333e-01 4.36362e+02 7.86731e-07
3.43434e-01 4.63208e+02 1.15973e-06
3.53535e-01 4.90857e+02 1.61190e-06
3.63636e-01 5.19306e+02 2.23905e-06
3.73737e-01 5.48557e+02 2.99817e-06
3.83838e-01 5.78610e+02 4.00699e-06
3.93939e-01 6.09464e+02 5.25350e-06
4.04040e-01 6.41119e+02 6.79775e-06
4.14141e-01 6.73576e+02 8.70300e-06
4.24242e-01 7.06834e+02 1.10366e-05
4.34343e-01 7.40893e+02 1.38798e-05
4.44444e-01 7.75754e+02 1.73232e-05
4.54545e-01 8.11416e+02 2.14759e-05
4.64646e-01 8.47880e+02 2.64562e-05
4.74747e-01 8.85145e+02 3.24117e-05
4.84848e-01 9.23211e+02 3.95049e-05
4.94949e-01 9.62079e+02 4.79291e-05
5.05051e-01 1.00175e+03 5.78993e-05
5.15152e-01 1.04222e+03 6.96800e-05
5.25253e-01 1.08349e+03 8.35596e-05
5.35354e-01 1.12556e+03 9.98926e-05
5.45455e-01 1.16844e+03 1.19070e-04
5.55556e-01 1.21212e+03 1.41568e-04
5.65657e-01 1.25659e+03 1.67972e-04
5.75758e-01 1.30187e+03 1.98820e-04
5.85859e-01 1.34795e+03 2.34882e-04
5.95960e-01 1.39483e+03 2.77016e-04
6.06061e-01 1.44252e+03 3.26209e-04
6.16162e-01 1.49100e+03 3.83622e-04
6.26263e-01 1.54029e+03 4.50606e-04
6.36364e-01 1.59037e+03 5.28745e-04
6.46465e-01 1.64126e+03 6.19868e-04
6.56566e-01 1.69295e+03 7.26121e-04
6.66667e-01 1.74545e+03 8.50037e-04
6.76768e-01 1.79874e+03 9.94540e-04
6.86869e-01 1.85283e+03 1.16308e-03
6.96970e-01 1.90773e+03 1.35973e-03
7.07071e-01 1.96342e+03 1.58943e-03
7.17172e-01 2.01992e+03 1.85750e-03
7.27273e-01 2.07722e+03 2.17067e-03
7.37374e-01 2.13532e+03 2.53685e-03
7.47475e-01 2.19423e+03 2.96548e-03
7.57576e-01 2.25393e+03 3.46773e-03
7.67677e-01 2.31443e+03 4.05710e-03
7.77778e-01 2.37574e+03 4.74986e-03
7.87879e-01 2.43785e+03 5.56584e-03
7.97980e-01 2.50076e+03 6.52939e-03
8.08081e-01 2.56447e+03 7.67019e-03
8.18182e-01 2.62898e+03 9.02581e-03
8.28283e-01 2.69429e+03 1.06429e-02
8.38384e-01 2.76040e+03 1.25814e-02
8.48485e-01 2.82732e+03 1.49186e-02
8.58586e-01 2.89503e+03 1.77560e-02
8.68687e-01 2.96355e+03 2.12315e-02
8.78788e-01 3.03286e+03 2.55269e-02
8.88889e-01 3.10298e+03 3.09039e-02
8.98990e-01 3.17390e+03 3.77423e-02
9.09091e-01 3.24561e+03 4.66404e-02
9.19192e-01 3.31812e+03 5.85993e-02
9.29293e-01 3.39143e+03 7.53750e-02
9.39394e-01 3.46554e+03 1.00408e-01
9.49495e-01 3.54042e+03 1.41276e-01
9.59596e-01 3.61607e+03 2.19404e-01
9.69697e-01 3.69238e+03 4.40441e-01
9.79798e-01 2.72789e+03 5.46791e+02
