0.00000e+00 0.00000e+00 0.00000e+00
1.01010e-02 4.00694e-01 0.00000e+00
2.02020e-02 1.60278e+00 0.00000e+00
3.03030e-02 3.60625e+00 0.00000e+00
4.04040e-02 6.41110e+00 0.00000e+00
5.05051e-02 1.00173e+01 3.22248e-23
6.06061e-02 1.44250e+01 2.73971e-12
7.07071e-02 1.96340e+01 3.37668e-11
8.08081e-02 2.56444e+01 1.79031e-10
9.09091e-02 3.24562e+01 8.31470e-10
1.01010e-01 4.00694e+01 2.45939e-09
1.11111e-01 4.84840e+01 6.17070e-09
1.21212e-01 5.76999e+01 1.36389e-08
1.31313e-01 6.77173e+01 2.81794e-08
1.41414e-01 7.85360e+01 5.23662e-08
1.51515e-01 9.01561e+01 9.41766e-08
1.61616e-01 1.02578e+02 1.59965e-07
1.71717e-01 1.15801e+02 2.62945e-07
1.81818e-01 1.29825e+02 4.18276e-07
1.91919e-01 1.44651e+02 6.48676e-07
2.02020e-01 1.60278e+02 9.74638e-07
2.12121e-01 1.76706e+02 1.44025e-06
2.22222e-01 1.93936e+02 2.08479e-06
2.32323e-01 2.11967e+02 2.97530e-06
2.42424e-01 2.30800e+02 4.16623e-06
2.52525e-01 2.50434e+02 5.76973e-06
2.62626e-01 2.70869e+02 7.88660e-06
2.72727e-01 2.92106e+02 1.06403e-05
2.82828e-01 3.14144e+02 1.43065e-05
2.92929e-01 3.36984e+02 1.88997e-05
3.03030e-01 3.60625e+02 2.47354e-05
3.13131e-01 3.85067e+02 3.23477e-05
3.23232e-01 4.10311e+02 4.18470e-05
3.33333e-01 4.36356e+02 5.37061e-05
3.43434e-01 4.63202e+02 6.88237e-05
3.53535e-01 4.90850e+02 8.72152e-05
3.63636e-01 5.19299e+02 1.10144e-04
3.73737e-01 5.48550e+02 1.38223e-04
3.83838e-01 5.78602e+02 1.73324e-04
3.93939e-01 6.09455e+02 2.15745e-04
4.04040e-01 6.41110e+02 2.67835e-04
4.14141e-01 6.73566e+02 3.31176e-04
4.24242e-01 7.06824e+02 4.07871e-04
4.34343e-01 7.40882e+02 5.00038e-04
4.44444e-01 7.75743e+02 6.13802e-04
4.54545e-01 8.11404e+02 7.49966e-04
4.64646e-01 8.47867e+02 9.13471e-04
4.74747e-01 8.85131e+02 1.11238e-03
4.84848e-01 9.23197e+02 1.35137e-03
4.94949e-01 9.62064e+02 1.63775e-03
5.05051e-01 1.00173e+03 1.98424e-03
5.15152e-01 1.04220e+03 2.40472e-03
5.25253e-01 1.08347e+03 2.90844e-03
5.35354e-01 1.12554e+03 3.51590e-03
5.45455e-01 1.16842e+03 4.25451e-03
5.55556e-01 1.21209e+03 5.14832e-03
5.65657e-01 1.25657e+03 6.24040e-03
5.75758e-01 1.30185e+03 7.57133e-03
5.85859e-01 1.34792e+03 9.19304e-03
5.95960e-01 1.39480e+03 1.12307e-02
6.06061e-01 1.44248e+03 1.37789e-02
6.16162e-01 1.49096e+03 1.69489e-02
6.26263e-01 1.54024e+03 2.11032e-02
6.36364e-01 1.59032e+03 2.65327e-02
6.46465e-01 1.64120e+03 3.39349e-02
6.56566e-01 1.69288e+03 4.47151e-02
6.66667e-01 1.74535e+03 6.25241e-02
6.76768e-01 1.79686e+03 1.36632e+00
