0.00000e+00 0.00000e+00 0.00000e+00
1.01010e-02 4.00694e-01 0.00000e+00
2.02020e-02 1.60277e+00 0.00000e+00
3.03030e-02 3.60624e+00 0.00000e+00
4.04040e-02 6.41110e+00 0.00000e+00
5.05051e-02 1.00173e+01 7.76969e-13
6.06061e-02 1.44250e+01 9.11720e-10
7.07071e-02 1.96340e+01 1.34238e-08
8.08081e-02 2.56444e+01 7.83427e-08
9.09091e-02 3.24562e+01 2.99501e-07
1.01010e-01 4.00694e+01 8.97476e-07
1.11111e-01 4.84839e+01 2.30227e-06
1.21212e-01 5.76999e+01 5.31665e-06
1.31313e-01 6.77172e+01 1.14439e-05
1.41414e-01 7.85359e+01 2.35657e-05
1.51515e-01 9.01560e+01 4.77814e-05
1.61616e-01 1.02577e+02 9.99040e-05
1.71717e-01 1.15800e+02 2.63747e-04
1.81818e-01 1.29823e+02 1.81239e-03
