0.00000e+00 0.00000e+00 0.00000e+00
1.01010e-02 4.00695e-01 0.00000e+00
2.02020e-02 1.60278e+00 0.00000e+00
3.03030e-02 3.60626e+00 0.00000e+00
4.04040e-02 6.41112e+00 0.00000e+00
5.05051e-02 1.00174e+01 0.00000e+00
6.06061e-02 1.44250e+01 0.00000e+00
7.07071e-02 1.96341e+01 0.00000e+00
8.08081e-02 2.56445e+01 0.00000e+00
9.09091e-02 3.24563e+01 0.00000e+00
1.01010e-01 4.00695e+01 1.54904e-10
1.11111e-01 4.84841e+01 5.55672e-09
1.21212e-01 5.77001e+01 3.70775e-08
1.31313e-01 6.77175e+01 1.43950e-07
1.41414e-01 7.85362e+01 4.19404e-07
1.51515e-01 9.01564e+01 1.01975e-06
1.61616e-01 1.02578e+02 2.18995e-06
1.71717e-01 1.15801e+02 4.29740e-06
1.81818e-01 1.29825e+02 7.87440e-06
1.91919e-01 1.44651e+02 1.36794e-05
2.02020e-01 1.60278e+02 2.27780e-05
2.12121e-01 1.76706e+02 3.66553e-05
2.22222e-01 1.93936e+02 5.73789e-05
2.32323e-01 2.11968e+02 8.78384e-05
2.42424e-01 2.30800e+02 1.32113e-04
2.52525e-01 2.50434e+02 1.96047e-04
2.62626e-01 2.70870e+02 2.88233e-04
2.72727e-01 2.92106e+02 4.21732e-04
2.82828e-01 3.14144e+02 6.17567e-04
2.92929e-01 3.36983e+02 9.12463e-04
3.03030e-01 3.60624e+02 1.38017e-03
3.13131e-01 3.85065e+02 2.21597e-03
3.23232e-01 4.10284e+02 2.37434e-02
