0.00000e+00 0.00000e+00 0.00000e+00
1.01010e-02 4.00694e-01 0.00000e+00
2.02020e-02 1.60277e+00 0.00000e+00
3.03030e-02 3.60624e+00 0.00000e+00
4.04040e-02 6.41110e+00 0.00000e+00
5.05051e-02 1.00173e+01 3.18809e-23
6.06061e-02 1.44250e+01 1.61894e-11
7.07071e-02 1.96340e+01 3.30619e-10
8.08081e-02 2.56444e+01 2.87355e-09
9.09091e-02 3.24562e+01 1.09814e-08
1.01010e-01 4.00694e+01 3.24437e-08
1.11111e-01 4.84839e+01 8.11004e-08
1.21212e-01 5.76999e+01 1.80033e-07
1.31313e-01 6.77172e+01 3.66234e-07
1.41414e-01 7.85360e+01 6.95248e-07
1.51515e-01 9.01561e+01 1.24907e-06
1.61616e-01 1.02578e+02 2.14542e-06
1.71717e-01 1.15800e+02 3.54857e-06
1.81818e-01 1.29825e+02 5.68535e-06
1.91919e-01 1.44650e+02 8.86289e-06
2.02020e-01 1.60277e+02 1.34968e-05
2.12121e-01 1.76706e+02 2.01355e-05
2.22222e-01 1.93936e+02 2.95085e-05
2.32323e-01 2.11967e+02 4.25735e-05
2.42424e-01 2.30799e+02 6.05916e-05
2.52525e-01 2.50433e+02 8.52135e-05
2.62626e-01 2.70869e+02 1.18608e-04
2.72727e-01 2.92106e+02 1.63646e-04
2.82828e-01 3.14144e+02 2.24103e-04
2.92929e-01 3.36983e+02 3.05086e-04
3.03030e-01 3.60624e+02 4.13472e-04
3.13131e-01 3.85066e+02 5.58765e-04
3.23232e-01 4.10309e+02 7.54464e-04
3.33333e-01 4.36354e+02 1.02012e-03
3.43434e-01 4.63200e+02 1.38573e-03
3.53535e-01 4.90847e+02 1.90023e-03
3.63636e-01 5.19296e+02 2.65215e-03
3.73737e-01 5.48545e+02 3.83255e-03
3.83838e-01 5.78594e+02 6.06142e-03
3.93939e-01 6.09384e+02 5.81189e-02
