0.00000e+00 0.00000e+00 0.00000e+00
1.01010e-02 4.00694e-01 0.00000e+00
2.02020e-02 1.60278e+00 0.00000e+00
3.03030e-02 3.60625e+00 0.00000e+00
4.04040e-02 6.41110e+00 0.00000e+00
5.05051e-02 1.00173e+01 6.36176e-25
6.06061e-02 1.44250e+01 4.70156e-14
7.07071e-02 1.96340e+01 6.26775e-13
8.08081e-02 2.56444e+01 3.43458e-12
9.09091e-02 3.24562e+01 1.34049e-11
1.01010e-01 4.00694e+01 3.95342e-11
1.11111e-01 4.84840e+01 9.79888e-11
1.21212e-01 5.76999e+01 2.21025e-10
1.31313e-01 6.77173e+01 4.58627e-10
1.41414e-01 7.85360e+01 8.80620e-10
1.51515e-01 9.01561e+01 1.56420e-09
1.61616e-01 1.02578e+02 2.77685e-09
1.71717e-01 1.15801e+02 4.50214e-09
1.81818e-01 1.29825e+02 7.26605e-09
1.91919e-01 1.44651e+02 1.13671e-08
2.02020e-01 1.60278e+02 1.74165e-08
2.12121e-01 1.76706e+02 2.57922e-08
2.22222e-01 1.93936e+02 3.78197e-08
2.32323e-01 2.11967e+02 5.39996e-08
2.42424e-01 2.30800e+02 7.60029e-08
2.52525e-01 2.50434e+02 1.05178e-07
2.62626e-01 2.70869e+02 1.45886e-07
2.72727e-01 2.92106e+02 2.03331e-07
2.82828e-01 3.14144e+02 2.76635e-07
2.92929e-01 3.36984e+02 3.67021e-07
3.03030e-01 3.60625e+02 4.79936e-07
3.13131e-01 3.85067e+02 6.26898e-07
3.23232e-01 4.10311e+02 8.10238e-07
3.33333e-01 4.36356e+02 1.03742e-06
3.43434e-01 4.63202e+02 1.32632e-06
3.53535e-01 4.90850e+02 1.67712e-06
3.63636e-01 5.19299e+02 2.11102e-06
3.73737e-01 5.48550e+02 2.63935e-06
3.83838e-01 5.78602e+02 3.30087e-06
3.93939e-01 6.09455e+02 4.09011e-06
4.04040e-01 6.41110e+02 5.05544e-06
4.14141e-01 6.73567e+02 6.21609e-06
4.24242e-01 7.06824e+02 7.61579e-06
4.34343e-01 7.40883e+02 9.28150e-06
4.44444e-01 7.75743e+02 1.13141e-05
4.54545e-01 8.11405e+02 1.37238e-05
4.64646e-01 8.47868e+02 1.65919e-05
4.74747e-01 8.85133e+02 2.00062e-05
4.84848e-01 9.23199e+02 2.40555e-05
4.94949e-01 9.62066e+02 2.88677e-05
5.05051e-01 1.00173e+03 3.45107e-05
5.15152e-01 1.04220e+03 4.12693e-05
5.25253e-01 1.08348e+03 4.91725e-05
5.35354e-01 1.12555e+03 5.84819e-05
5.45455e-01 1.16842e+03 6.93631e-05
5.55556e-01 1.21210e+03 8.22575e-05
5.65657e-01 1.25658e+03 9.73036e-05
5.75758e-01 1.30185e+03 1.15006e-04
5.85859e-01 1.34793e+03 1.35611e-04
5.95960e-01 1.39482e+03 1.59527e-04
6.06061e-01 1.44250e+03 1.87729e-04
6.16162e-01 1.49098e+03 2.20969e-04
6.26263e-01 1.54027e+03 2.59188e-04
6.36364e-01 1.59035e+03 3.03856e-04
6.46465e-01 1.64124e+03 3.55956e-04
6.56566e-01 1.69293e+03 4.16909e-04
6.66667e-01 1.74542e+03 4.87494e-04
6.76768e-01 1.79871e+03 5.69540e-04
6.86869e-01 1.85281e+03 6.65981e-04
6.96970e-01 1.90770e+03 7.77576e-04
7.07071e-01 1.96340e+03 9.07414e-04
7.17172e-01 2.01990e+03 1.05971e-03
7.27273e-01 2.07720e+03 1.23605e-03
7.37374e-01 2.13530e+03 1.44245e-03
7.47475e-01 2.19420e+03 1.68333e-03
7.57576e-01 2.25390e+03 1.96496e-03
7.67677e-01 2.31441e+03 2.29383e-03
7.77778e-01 2.37571e+03 2.68302e-03
7.87879e-01 2.43782e+03 3.13657e-03
7.97980e-01 2.50073e+03 3.67487e-03
8.08081e-01 2.56444e+03 4.30758e-03
8.18182e-01 2.62895e+03 5.06280e-03
8.28283e-01 2.69426e+03 5.95793e-03
8.38384e-01 2.76037e+03 7.03152e-03
8.48485e-01 2.82729e+03 8.32778e-03
8.58586e-01 2.89500e+03 9.89795e-03
8.68687e-01 2.96352e+03 1.18155e-02
8.78788e-01 3.03284e+03 1.41834e-02
8.88889e-01 3.10295e+03 1.71525e-02
8.98990e-01 3.17387e+03 2.09100e-02
9.09091e-01 3.24559e+03 2.57677e-02
9.19192e-01 3.31811e+03 3.22286e-02
9.29293e-01 3.39143e+03 4.10794e-02
9.39394e-01 3.46554e+03 5.38874e-02
9.49495e-01 3.54045e+03 7.37784e-02
9.59596e-01 3.61614e+03 1.08499e-01
9.69697e-01 3.69260e+03 1.83654e-01
9.79798e-01 3.76958e+03 5.33792e-01
9.89899e-01 2.81122e+03 5.72410e+02
