0.00000e+00 0.00000e+00 0.00000e+00
1.01010e-02 4.00695e-01 0.00000e+00
2.02020e-02 1.60278e+00 0.00000e+00
3.03030e-02 3.60626e+00 0.00000e+00
4.04040e-02 6.41112e+00 0.00000e+00
5.05051e-02 1.00174e+01 0.00000e+00
6.06061e-02 1.44250e+01 0.00000e+00
7.07071e-02 1.96341e+01 0.00000e+00
8.08081e-02 2.56445e+01 0.00000e+00
9.09091e-02 3.24563e+01 0.00000e+00
1.01010e-01 4.00695e+01 1.59337e-23
1.11111e-01 4.84841e+01 2.11752e-13
1.21212e-01 5.77001e+01 1.40473e-12
1.31313e-01 6.77175e+01 5.56786e-12
1.41414e-01 7.85362e+01 1.72033e-11
1.51515e-01 9.01564e+01 4.32518e-11
1.61616e-01 1.02578e+02 9.46526e-11
1.71717e-01 1.15801e+02 1.89349e-10
1.81818e-01 1.29825e+02 3.54554e-10
1.91919e-01 1.44651e+02 6.26895e-10
2.02020e-01 1.60278e+02 1.06230e-09
2.12121e-01 1.76707e+02 1.73377e-09
2.22222e-01 1.93936e+02 2.74792e-09
2.32323e-01 2.11968e+02 4.22140e-09
2.42424e-01 2.30800e+02 6.34304e-09
2.52525e-01 2.50434e+02 1.07799e-08
2.62626e-01 2.70870e+02 1.71279e-08
2.72727e-01 2.92107e+02 2.58623e-08
2.82828e-01 3.14145e+02 3.75970e-08
2.92929e-01 3.36985e+02 5.31731e-08
3.03030e-01 3.60626e+02 7.31718e-08
3.13131e-01 3.85068e+02 9.86068e-08
3.23232e-01 4.10312e+02 1.26636e-07
3.33333e-01 4.36357e+02 1.67464e-07
3.43434e-01 4.63204e+02 2.17834e-07
3.53535e-01 4.90852e+02 2.79555e-07
3.63636e-01 5.19301e+02 3.48893e-07
3.73737e-01 5.48552e+02 4.43766e-07
3.83838e-01 5.78604e+02 5.57485e-07
3.93939e-01 6.09457e+02 6.94481e-07
4.04040e-01 6.41112e+02 8.59488e-07
4.14141e-01 6.73568e+02 1.05848e-06
4.24242e-01 7.06826e+02 1.29762e-06
4.34343e-01 7.40885e+02 1.58396e-06
4.44444e-01 7.75746e+02 1.92592e-06
4.54545e-01 8.11408e+02 2.33436e-06
4.64646e-01 8.47871e+02 2.81960e-06
4.74747e-01 8.85135e+02 3.39506e-06
4.84848e-01 9.23202e+02 4.08744e-06
4.94949e-01 9.62069e+02 4.89702e-06
5.05051e-01 1.00174e+03 5.85172e-06
5.15152e-01 1.04221e+03 6.97641e-06
5.25253e-01 1.08348e+03 8.30016e-06
5.35354e-01 1.12555e+03 9.85512e-06
5.45455e-01 1.16843e+03 1.16802e-05
5.55556e-01 1.21210e+03 1.38189e-05
5.65657e-01 1.25658e+03 1.63231e-05
5.75758e-01 1.30186e+03 1.92513e-05
5.85859e-01 1.34794e+03 2.26737e-05
5.95960e-01 1.39482e+03 2.66681e-05
6.06061e-01 1.44250e+03 3.13282e-05
6.16162e-01 1.49099e+03 3.67600e-05
6.26263e-01 1.54027e+03 4.30945e-05
6.36364e-01 1.59036e+03 5.04641e-05
6.46465e-01 1.64125e+03 5.90406e-05
6.56566e-01 1.69294e+03 6.90158e-05
6.66667e-01 1.74543e+03 8.06198e-05
6.76768e-01 1.79872e+03 9.41091e-05
6.86869e-01 1.85281e+03 1.09795e-04
6.96970e-01 1.90771e+03 1.28029e-04
7.07071e-01 1.96341e+03 1.49230e-04
7.17172e-01 2.01990e+03 1.73888e-04
7.27273e-01 2.07720e+03 2.02579e-04
7.37374e-01 2.13530e+03 2.35981e-04
7.47475e-01 2.19421e+03 2.74897e-04
7.57576e-01 2.25391e+03 3.20282e-04
7.67677e-01 2.31441e+03 3.73273e-04
7.77778e-01 2.37572e+03 4.35233e-04
7.87879e-01 2.43783e+03 5.07813e-04
7.97980e-01 2.50074e+03 5.93012e-04
8.08081e-01 2.56445e+03 6.93280e-04
8.18182e-01 2.62896e+03 8.11613e-04
8.28283e-01 2.69427e+03 9.51782e-04
8.38384e-01 2.76039e+03 1.11851e-03
8.48485e-01 2.82730e+03 1.31779e-03
8.58586e-01 2.89502e+03 1.55738e-03
8.68687e-01 2.96354e+03 1.84749e-03
8.78788e-01 3.03286e+03 2.20172e-03
8.88889e-01 3.10298e+03 2.63864e-03
8.98990e-01 3.17390e+03 3.18431e-03
9.09091e-01 3.24563e+03 3.87657e-03
9.19192e-01 3.31815e+03 4.77340e-03
9.29293e-01 3.39148e+03 5.96826e-03
9.39394e-01 3.46560e+03 7.62176e-03
9.49495e-01 3.54053e+03 1.00331e-02
9.59596e-01 3.61626e+03 1.38292e-02
9.69697e-01 3.69278e+03 2.05188e-02
9.79798e-01 3.77010e+03 3.49372e-02
9.89899e-01 3.84819e+03 8.49724e-02
1.00000e+00 1.32819e+03 1.45402e+03
