9.26574e-01
1.04387e+00
1.16927e+00
1.30046e+00
1.43169e+00
1.54915e+00
1.56154e+00
1.57799e+00
1.56124e+00
1.55875e+00
1.56962e+00
1.57126e+00
1.55958e+00
1.55372e+00
1.56627e+00
1.56041e+00
1.57613e+00
1.55934e+00
1.56243e+00
1.56953e+00
1.56330e+00
1.56203e+00
1.55618e+00
1.57177e+00
1.56207e+00
1.56154e+00
1.56010e+00
1.56082e+00
1.56272e+00
1.56742e+00
1.55849e+00
1.56814e+00
1.57150e+00
1.55603e+00
1.56614e+00
1.56653e+00
1.56213e+00
1.56564e+00
1.57488e+00
1.57178e+00
1.56568e+00
1.56569e+00
1.56183e+00
1.56478e+00
1.56274e+00
1.57034e+00
1.55891e+00
1.57201e+00
1.56445e+00
1.56436e+00
1.57323e+00
1.57194e+00
1.57307e+00
1.55895e+00
1.56474e+00
1.56367e+00
1.56660e+00
1.56162e+00
1.56199e+00
1.57457e+00
1.56531e+00
1.57318e+00
1.56031e+00
1.56455e+00
1.56872e+00
1.55422e+00
1.55309e+00
1.56584e+00
1.56380e+00
1.57168e+00
1.56102e+00
1.57101e+00
1.56789e+00
1.56256e+00
1.57297e+00
1.55607e+00
1.55314e+00
1.56277e+00
1.56485e+00
1.56387e+00
1.56858e+00
1.55625e+00
1.56618e+00
1.56092e+00
1.55691e+00
1.57039e+00
1.55739e+00
1.56118e+00
1.55311e+00
1.55777e+00
1.56257e+00
1.56648e+00
1.57121e+00
1.56307e+00
1.55264e+00
1.55782e+00
1.56226e+00
1.55809e+00
1.55918e+00
5.94193e-01
