0.00000e+00 5.71413e-01 1.63485e+00
1.01010e-02 6.11612e-01 1.63609e+00
2.02020e-02 6.56695e-01 1.63753e+00
3.03030e-02 7.06692e-01 1.63953e+00
4.04040e-02 7.60855e-01 1.64315e+00
5.05051e-02 7.95043e-01 1.67205e+00
6.06061e-02 7.96131e-01 1.73492e+00
7.07071e-02 7.90554e-01 1.80458e+00
8.08081e-02 7.99197e-01 1.86062e+00
9.09091e-02 7.92346e-01 1.93196e+00
1.01010e-01 7.86211e-01 2.00234e+00
1.11111e-01 7.85736e-01 2.06712e+00
1.21212e-01 7.86009e-01 2.13081e+00
1.31313e-01 7.89760e-01 2.19107e+00
1.41414e-01 7.86538e-01 2.25831e+00
1.51515e-01 7.83800e-01 2.32532e+00
1.61616e-01 7.88204e-01 2.38535e+00
1.71717e-01 7.78375e-01 2.45956e+00
1.81818e-01 7.79825e-01 2.52189e+00
1.91919e-01 7.76566e-01 2.58894e+00
2.02020e-01 7.78872e-01 2.65048e+00
2.12121e-01 7.82152e-01 2.71171e+00
2.22222e-01 7.71420e-01 2.78671e+00
2.32323e-01 7.74173e-01 2.84781e+00
2.42424e-01 7.62681e-01 2.92303e+00
2.52525e-01 7.67087e-01 2.98216e+00
2.62626e-01 7.71174e-01 3.04218e+00
2.72727e-01 7.66211e-01 3.11094e+00
2.82828e-01 7.67839e-01 3.17334e+00
2.92929e-01 7.61299e-01 3.24372e+00
3.03030e-01 7.59987e-01 3.30835e+00
3.13131e-01 7.67011e-01 3.36515e+00
3.23232e-01 7.56263e-01 3.43972e+00
3.33333e-01 7.57319e-01 3.50216e+00
3.43434e-01 7.63196e-01 3.55986e+00
3.53535e-01 7.51311e-01 3.63541e+00
3.63636e-01 7.54086e-01 3.69628e+00
3.73737e-01 7.50831e-01 3.76304e+00
3.83838e-01 7.55031e-01 3.82216e+00
3.93939e-01 7.48078e-01 3.89264e+00
4.04040e-01 7.47538e-01 3.95686e+00
4.14141e-01 7.48122e-01 4.01980e+00
4.24242e-01 7.45261e-01 4.08642e+00
4.34343e-01 7.45863e-01 4.14944e+00
4.44444e-01 7.43212e-01 4.21588e+00
4.54545e-01 7.43034e-01 4.27977e+00
4.64646e-01 7.42880e-01 4.34336e+00
4.74747e-01 7.36583e-01 4.41320e+00
4.84848e-01 7.29987e-01 4.48269e+00
4.94949e-01 7.25202e-01 4.55064e+00
5.05051e-01 7.30058e-01 4.60881e+00
5.15152e-01 7.30632e-01 4.67156e+00
5.25253e-01 7.23870e-01 4.74146e+00
5.35354e-01 7.21811e-01 4.80669e+00
5.45455e-01 7.19933e-01 4.87126e+00
5.55556e-01 7.15882e-01 4.93828e+00
5.65657e-01 7.17382e-01 4.99989e+00
5.75758e-01 7.09631e-01 5.07047e+00
5.85859e-01 7.04565e-01 5.13798e+00
5.95960e-01 7.04092e-01 5.20068e+00
6.06061e-01 7.06757e-01 5.26070e+00
6.16162e-01 7.03104e-01 5.32695e+00
6.26263e-01 6.92814e-01 5.39975e+00
6.36364e-01 6.96178e-01 5.45865e+00
6.46465e-01 6.95881e-01 5.52157e+00
6.56566e-01 6.89049e-01 5.59095e+00
6.66667e-01 6.86921e-01 5.65551e+00
6.76768e-01 6.84829e-01 5.71974e+00
6.86869e-01 6.78280e-01 5.78832e+00
6.96970e-01 6.78170e-01 5.84975e+00
7.07071e-01 6.73814e-01 5.91578e+00
7.17172e-01 6.66598e-01 5.98455e+00
7.27273e-01 6.57630e-01 6.05480e+00
7.37374e-01 6.57789e-01 6.11587e+00
7.47475e-01 6.52496e-01 6.18216e+00
7.57576e-01 6.54741e-01 6.24076e+00
7.67677e-01 6.46727e-01 6.30946e+00
7.77778e-01 6.38995e-01 6.37764e+00
7.87879e-01 6.38981e-01 6.43793e+00
7.97980e-01 6.28217e-01 6.50847e+00
8.08081e-01 6.25405e-01 6.57137e+00
8.18182e-01 6.15757e-01 6.64020e+00
8.28283e-01 6.15127e-01 6.70005e+00
8.38384e-01 6.05118e-01 6.76850e+00
8.48485e-01 5.96159e-01 6.83578e+00
8.58586e-01 5.89549e-01 6.89996e+00
8.68687e-01 5.78512e-01 6.96827e+00
8.78788e-01 5.72927e-01 7.03030e+00
8.88889e-01 5.71214e-01 7.08823e+00
8.98990e-01 5.52748e-01 7.16219e+00
9.09091e-01 5.41210e-01 7.22819e+00
9.19192e-01 5.32081e-01 7.29114e+00
9.29293e-01 5.19303e-01 7.35690e+00
9.39394e-01 5.07923e-01 7.41991e+00
9.49495e-01 4.93652e-01 7.48457e+00
9.59596e-01 4.67073e-01 7.56021e+00
9.69697e-01 4.46722e-01 7.62808e+00
9.79798e-01 4.14822e-01 7.70660e+00
9.89899e-01 3.78729e-01 7.78991e+00
1.00000e+00 2.57188e-01 7.97040e+00
