0.00000e+00 0.00000e+00 0.00000e+00
1.01010e-02 4.00695e-01 0.00000e+00
2.02020e-02 1.60278e+00 0.00000e+00
3.03030e-02 3.60626e+00 0.00000e+00
4.04040e-02 6.41112e+00 0.00000e+00
5.05051e-02 1.00174e+01 0.00000e+00
6.06061e-02 1.44250e+01 0.00000e+00
7.07071e-02 1.96341e+01 0.00000e+00
8.08081e-02 2.56445e+01 0.00000e+00
9.09091e-02 3.24563e+01 0.00000e+00
1.01010e-01 4.00695e+01 2.69093e-11
1.11111e-01 4.84841e+01 8.72391e-10
1.21212e-01 5.77001e+01 9.64583e-09
1.31313e-01 6.77175e+01 3.86671e-08
1.41414e-01 7.85362e+01 1.12652e-07
1.51515e-01 9.01564e+01 2.72790e-07
1.61616e-01 1.02578e+02 5.84308e-07
1.71717e-01 1.15801e+02 1.13976e-06
1.81818e-01 1.29825e+02 2.07415e-06
1.91919e-01 1.44651e+02 3.57071e-06
2.02020e-01 1.60278e+02 5.87867e-06
2.12121e-01 1.76707e+02 9.33060e-06
2.22222e-01 1.93936e+02 1.43614e-05
2.32323e-01 2.11968e+02 2.15384e-05
2.42424e-01 2.30800e+02 3.15934e-05
2.52525e-01 2.50434e+02 4.54632e-05
2.62626e-01 2.70870e+02 6.43512e-05
2.72727e-01 2.92107e+02 8.97879e-05
2.82828e-01 3.14145e+02 1.23723e-04
2.92929e-01 3.36984e+02 1.68657e-04
3.03030e-01 3.60625e+02 2.27775e-04
3.13131e-01 3.85068e+02 3.05170e-04
3.23232e-01 4.10311e+02 4.06160e-04
3.33333e-01 4.36356e+02 5.37639e-04
3.43434e-01 4.63203e+02 7.08799e-04
3.53535e-01 4.90850e+02 9.31794e-04
3.63636e-01 5.19299e+02 1.22345e-03
3.73737e-01 5.48550e+02 1.60718e-03
3.83838e-01 5.78601e+02 2.11707e-03
3.93939e-01 6.09454e+02 2.80508e-03
4.04040e-01 6.41107e+02 3.75609e-03
4.14141e-01 6.73562e+02 5.12448e-03
4.24242e-01 7.06817e+02 7.24803e-03
4.34343e-01 7.40872e+02 1.12675e-02
4.44444e-01 7.75622e+02 1.02567e-01
