0.00000e+00 0.00000e+00 0.00000e+00
1.01010e-02 4.00694e-01 0.00000e+00
2.02020e-02 1.60277e+00 0.00000e+00
3.03030e-02 3.60624e+00 0.00000e+00
4.04040e-02 6.41110e+00 0.00000e+00
5.05051e-02 1.00173e+01 1.52779e-12
6.06061e-02 1.44250e+01 1.75579e-09
7.07071e-02 1.96340e+01 2.59336e-08
8.08081e-02 2.56444e+01 1.52378e-07
9.09091e-02 3.24562e+01 5.89666e-07
1.01010e-01 4.00694e+01 1.80291e-06
1.11111e-01 4.84839e+01 4.77876e-06
1.21212e-01 5.76999e+01 1.16348e-05
1.31313e-01 6.77172e+01 2.74702e-05
1.41414e-01 7.85359e+01 6.90253e-05
1.51515e-01 9.01550e+01 8.92622e-04
