0.00000e+00 0.00000e+00 0.00000e+00
1.01010e-02 4.00695e-01 0.00000e+00
2.02020e-02 1.60278e+00 0.00000e+00
3.03030e-02 3.60626e+00 0.00000e+00
4.04040e-02 6.41112e+00 0.00000e+00
5.05051e-02 1.00174e+01 0.00000e+00
6.06061e-02 1.44250e+01 0.00000e+00
7.07071e-02 1.96341e+01 0.00000e+00
8.08081e-02 2.56445e+01 0.00000e+00
9.09091e-02 3.24563e+01 0.00000e+00
1.01010e-01 4.00695e+01 2.98274e-10
1.11111e-01 4.84841e+01 1.09040e-08
1.21212e-01 5.77001e+01 7.15366e-08
1.31313e-01 6.77175e+01 2.78037e-07
1.41414e-01 7.85362e+01 8.12135e-07
1.51515e-01 9.01564e+01 1.98298e-06
1.61616e-01 1.02578e+02 4.28337e-06
1.71717e-01 1.15801e+02 8.46920e-06
1.81818e-01 1.29825e+02 1.56749e-05
1.91919e-01 1.44651e+02 2.75851e-05
2.02020e-01 1.60278e+02 4.67032e-05
2.12121e-01 1.76706e+02 7.67882e-05
2.22222e-01 1.93936e+02 1.23622e-04
2.32323e-01 2.11967e+02 1.96435e-04
2.42424e-01 2.30800e+02 3.10945e-04
2.52525e-01 2.50434e+02 4.96816e-04
2.62626e-01 2.70869e+02 8.22032e-04
2.72727e-01 2.92105e+02 1.54133e-03
2.82828e-01 3.14130e+02 1.24791e-02
