0.00000e+00 0.00000e+00 0.00000e+00
2.24490e-02 2.51979e-05 0.00000e+00
4.48980e-02 1.00791e-04 0.00000e+00
6.73469e-02 2.26781e-04 0.00000e+00
8.97959e-02 4.03166e-04 0.00000e+00
1.12245e-01 6.29946e-04 0.00000e+00
1.34694e-01 9.07123e-04 0.00000e+00
1.57143e-01 1.23470e-03 0.00000e+00
1.79592e-01 1.61266e-03 0.00000e+00
2.02041e-01 2.04103e-03 0.00000e+00
2.24490e-01 2.51979e-03 0.00000e+00
2.46939e-01 3.04894e-03 0.00000e+00
2.69388e-01 3.62849e-03 0.00000e+00
2.91837e-01 4.25844e-03 0.00000e+00
3.14286e-01 4.93878e-03 0.00000e+00
3.36735e-01 5.66952e-03 0.00000e+00
3.59184e-01 6.45065e-03 0.00000e+00
3.81633e-01 7.28218e-03 0.00000e+00
4.04082e-01 8.16411e-03 0.00000e+00
4.26531e-01 9.09643e-03 0.00000e+00
4.48980e-01 1.00791e-02 0.00000e+00
4.71429e-01 1.11123e-02 0.00000e+00
4.93878e-01 1.21958e-02 0.00000e+00
5.16327e-01 1.33297e-02 0.00000e+00
5.38776e-01 1.45140e-02 0.00000e+00
5.61224e-01 1.57487e-02 0.00000e+00
5.83673e-01 1.70338e-02 0.00000e+00
6.06122e-01 1.83692e-02 0.00000e+00
6.28571e-01 1.97551e-02 0.00000e+00
6.51020e-01 2.11914e-02 0.00000e+00
6.73469e-01 2.26781e-02 0.00000e+00
6.95918e-01 2.42151e-02 0.00000e+00
7.18367e-01 2.58026e-02 0.00000e+00
7.40816e-01 2.74405e-02 0.00000e+00
7.63265e-01 2.91287e-02 0.00000e+00
7.85714e-01 3.08674e-02 0.00000e+00
8.08163e-01 3.26564e-02 0.00000e+00
8.30612e-01 3.44959e-02 0.00000e+00
8.53061e-01 3.63857e-02 0.00000e+00
8.75510e-01 3.83259e-02 0.00000e+00
8.97959e-01 4.03166e-02 0.00000e+00
9.20408e-01 4.23576e-02 0.00000e+00
9.42857e-01 4.44490e-02 0.00000e+00
9.65306e-01 4.65908e-02 0.00000e+00
9.87755e-01 4.87831e-02 0.00000e+00
1.01020e+00 6.09069e-05 1.42228e-02
1.03265e+00 5.89607e-05 1.42274e-02
1.05510e+00 5.71412e-05 1.42317e-02
1.07755e+00 5.54399e-05 1.42358e-02
1.10000e+00 5.38487e-05 1.42396e-02
