0.00000e+00 0.00000e+00 0.00000e+00
1.01010e-02 4.00706e-01 0.00000e+00
2.02020e-02 1.60283e+00 0.00000e+00
3.03030e-02 3.60636e+00 0.00000e+00
4.04040e-02 6.41130e+00 0.00000e+00
5.05051e-02 1.00177e+01 0.00000e+00
6.06061e-02 1.44254e+01 0.00000e+00
7.07071e-02 1.96346e+01 0.00000e+00
8.08081e-02 2.56452e+01 0.00000e+00
9.09091e-02 3.24572e+01 0.00000e+00
1.01010e-01 4.00706e+01 0.00000e+00
1.11111e-01 4.84855e+01 0.00000e+00
1.21212e-01 5.77017e+01 0.00000e+00
1.31313e-01 6.77194e+01 0.00000e+00
1.41414e-01 7.85384e+01 0.00000e+00
1.51515e-01 9.01589e+01 0.00000e+00
1.61616e-01 1.02581e+02 0.00000e+00
1.71717e-01 1.15804e+02 0.00000e+00
1.81818e-01 1.29829e+02 0.00000e+00
1.91919e-01 1.44655e+02 0.00000e+00
2.02020e-01 1.60283e+02 0.00000e+00
2.12121e-01 1.76711e+02 0.00000e+00
2.22222e-01 1.93942e+02 0.00000e+00
2.32323e-01 2.11974e+02 0.00000e+00
2.42424e-01 2.30807e+02 0.00000e+00
2.52525e-01 2.50441e+02 0.00000e+00
2.62626e-01 2.70877e+02 0.00000e+00
2.72727e-01 2.92115e+02 0.00000e+00
2.82828e-01 3.14154e+02 0.00000e+00
2.92929e-01 3.36994e+02 0.00000e+00
3.03030e-01 3.60636e+02 0.00000e+00
3.13131e-01 3.85079e+02 0.00000e+00
3.23232e-01 4.10323e+02 0.00000e+00
3.33333e-01 4.36369e+02 0.00000e+00
3.43434e-01 4.63217e+02 4.49776e-10
3.53535e-01 4.90865e+02 8.08127e-09
3.63636e-01 5.19315e+02 6.98767e-08
3.73737e-01 5.48567e+02 3.24491e-07
3.83838e-01 5.78620e+02 1.10726e-06
3.93939e-01 6.09474e+02 2.78775e-06
4.04040e-01 6.41130e+02 5.49012e-06
4.14141e-01 6.73587e+02 1.01493e-05
4.24242e-01 7.06846e+02 1.71270e-05
4.34343e-01 7.40906e+02 2.77615e-05
4.44444e-01 7.75767e+02 4.25489e-05
4.54545e-01 8.11430e+02 6.34251e-05
4.64646e-01 8.47894e+02 9.14025e-05
4.74747e-01 8.85160e+02 1.28385e-04
4.84848e-01 9.23227e+02 1.76596e-04
4.94949e-01 9.62096e+02 2.38192e-04
5.05051e-01 1.00177e+03 3.16175e-04
5.15152e-01 1.04224e+03 4.13967e-04
5.25253e-01 1.08351e+03 5.35175e-04
5.35354e-01 1.12558e+03 6.84396e-04
5.45455e-01 1.16846e+03 8.66831e-04
5.55556e-01 1.21214e+03 1.08861e-03
5.65657e-01 1.25661e+03 1.35688e-03
5.75758e-01 1.30189e+03 1.68006e-03
5.85859e-01 1.34797e+03 2.06807e-03
5.95960e-01 1.39486e+03 2.53290e-03
6.06061e-01 1.44254e+03 3.08811e-03
6.16162e-01 1.49102e+03 3.75051e-03
6.26263e-01 1.54031e+03 4.54020e-03
6.36364e-01 1.59040e+03 5.48131e-03
6.46465e-01 1.64129e+03 6.60313e-03
6.56566e-01 1.69297e+03 7.94145e-03
6.66667e-01 1.74547e+03 9.54133e-03
6.76768e-01 1.79876e+03 1.14559e-02
6.86869e-01 1.85285e+03 1.37538e-02
6.96970e-01 1.90774e+03 1.65202e-02
7.07071e-01 1.96344e+03 1.98655e-02
7.17172e-01 2.01993e+03 2.39263e-02
7.27273e-01 2.07723e+03 2.88843e-02
7.37374e-01 2.13532e+03 3.49814e-02
7.47475e-01 2.19422e+03 4.25352e-02
7.57576e-01 2.25391e+03 5.19949e-02
7.67677e-01 2.31440e+03 6.39884e-02
7.77778e-01 2.37570e+03 7.94662e-02
7.87879e-01 2.43778e+03 9.99099e-02
7.97980e-01 2.50066e+03 1.27822e-01
8.08081e-01 2.56433e+03 1.68064e-01
8.18182e-01 2.62877e+03 2.32256e-01
8.28283e-01 2.69394e+03 3.70179e-01
8.38384e-01 2.74168e+03 1.32034e+01
