0.00000e+00 0.00000e+00 0.00000e+00
1.01010e-02 4.00694e-01 0.00000e+00
2.02020e-02 1.60277e+00 0.00000e+00
3.03030e-02 3.60624e+00 0.00000e+00
4.04040e-02 6.41110e+00 0.00000e+00
5.05051e-02 1.00173e+01 5.11093e-13
6.06061e-02 1.44250e+01 8.72777e-10
7.07071e-02 1.96340e+01 1.31522e-08
8.08081e-02 2.56444e+01 7.74421e-08
9.09091e-02 3.24562e+01 2.97104e-07
1.01010e-01 4.00694e+01 8.92046e-07
1.11111e-01 4.84839e+01 2.29142e-06
1.21212e-01 5.76999e+01 5.29745e-06
1.31313e-01 6.77172e+01 1.14045e-05
1.41414e-01 7.85359e+01 2.34967e-05
1.51515e-01 9.01560e+01 4.76610e-05
1.61616e-01 1.02577e+02 9.97016e-05
1.71717e-01 1.15800e+02 2.62906e-04
1.81818e-01 1.29823e+02 1.79645e-03
