0.00000e+00 0.00000e+00 0.00000e+00
1.01010e-02 4.00699e-01 0.00000e+00
2.02020e-02 1.60280e+00 0.00000e+00
3.03030e-02 3.60629e+00 0.00000e+00
4.04040e-02 6.41119e+00 0.00000e+00
5.05051e-02 1.00175e+01 0.00000e+00
6.06061e-02 1.44252e+01 0.00000e+00
7.07071e-02 1.96343e+01 0.00000e+00
8.08081e-02 2.56448e+01 0.00000e+00
9.09091e-02 3.24566e+01 0.00000e+00
1.01010e-01 4.00699e+01 0.00000e+00
1.11111e-01 4.84846e+01 0.00000e+00
1.21212e-01 5.77007e+01 0.00000e+00
1.31313e-01 6.77182e+01 0.00000e+00
1.41414e-01 7.85371e+01 0.00000e+00
1.51515e-01 9.01573e+01 0.00000e+00
1.61616e-01 1.02579e+02 0.00000e+00
1.71717e-01 1.15802e+02 0.00000e+00
1.81818e-01 1.29827e+02 0.00000e+00
1.91919e-01 1.44652e+02 0.00000e+00
2.02020e-01 1.60280e+02 8.16960e-22
2.12121e-01 1.76708e+02 1.73996e-09
2.22222e-01 1.93938e+02 3.79975e-08
2.32323e-01 2.11970e+02 2.25696e-07
2.42424e-01 2.30803e+02 7.77727e-07
2.52525e-01 2.50437e+02 2.06408e-06
2.62626e-01 2.70873e+02 4.63257e-06
2.72727e-01 2.92110e+02 9.25610e-06
2.82828e-01 3.14148e+02 1.69820e-05
2.92929e-01 3.36988e+02 2.91937e-05
3.03030e-01 3.60629e+02 4.76763e-05
3.13131e-01 3.85072e+02 7.47598e-05
3.23232e-01 4.10316e+02 1.13334e-04
3.33333e-01 4.36361e+02 1.67152e-04
3.43434e-01 4.63208e+02 2.40883e-04
3.53535e-01 4.90856e+02 3.40495e-04
3.63636e-01 5.19306e+02 4.73574e-04
3.73737e-01 5.48557e+02 6.49837e-04
3.83838e-01 5.78609e+02 8.81881e-04
3.93939e-01 6.09462e+02 1.18623e-03
4.04040e-01 6.41117e+02 1.58476e-03
4.14141e-01 6.73573e+02 2.10753e-03
4.24242e-01 7.06830e+02 2.79632e-03
4.34343e-01 7.40889e+02 3.71177e-03
4.44444e-01 7.75748e+02 4.94760e-03
4.54545e-01 8.11408e+02 6.65657e-03
4.64646e-01 8.47869e+02 9.12179e-03
4.74747e-01 8.85130e+02 1.29822e-02
4.84848e-01 9.23188e+02 2.05931e-02
4.94949e-01 9.61812e+02 2.15532e-01
