0.00000e+00 0.00000e+00 0.00000e+00
1.01010e-02 4.00694e-01 0.00000e+00
2.02020e-02 1.60277e+00 0.00000e+00
3.03030e-02 3.60624e+00 0.00000e+00
4.04040e-02 6.41110e+00 0.00000e+00
5.05051e-02 1.00173e+01 4.15948e-24
6.06061e-02 1.44250e+01 1.32630e-12
7.07071e-02 1.96340e+01 1.97878e-11
8.08081e-02 2.56444e+01 1.15832e-10
9.09091e-02 3.24562e+01 4.48853e-10
1.01010e-01 4.00694e+01 1.76104e-09
1.11111e-01 4.84839e+01 4.70031e-09
1.21212e-01 5.76999e+01 1.29703e-08
1.31313e-01 6.77172e+01 2.57635e-08
1.41414e-01 7.85360e+01 5.01471e-08
1.51515e-01 9.01561e+01 8.85200e-08
1.61616e-01 1.02578e+02 1.54321e-07
1.71717e-01 1.15800e+02 2.54105e-07
1.81818e-01 1.29825e+02 4.06208e-07
1.91919e-01 1.44650e+02 6.25021e-07
2.02020e-01 1.60277e+02 9.52229e-07
2.12121e-01 1.76706e+02 1.40854e-06
2.22222e-01 1.93936e+02 2.04491e-06
2.32323e-01 2.11967e+02 2.92189e-06
2.42424e-01 2.30800e+02 4.10433e-06
2.52525e-01 2.50434e+02 5.69287e-06
2.62626e-01 2.70869e+02 7.79139e-06
2.72727e-01 2.92106e+02 1.05480e-05
2.82828e-01 3.14144e+02 1.41221e-05
2.92929e-01 3.36983e+02 1.87407e-05
3.03030e-01 3.60624e+02 2.46461e-05
3.13131e-01 3.85067e+02 3.21485e-05
3.23232e-01 4.10310e+02 4.16305e-05
3.33333e-01 4.36355e+02 5.35291e-05
3.43434e-01 4.63202e+02 6.84046e-05
3.53535e-01 4.90850e+02 8.68961e-05
3.63636e-01 5.19299e+02 1.09805e-04
3.73737e-01 5.48550e+02 1.38060e-04
3.83838e-01 5.78602e+02 1.72766e-04
3.93939e-01 6.09455e+02 2.15265e-04
4.04040e-01 6.41110e+02 2.67200e-04
4.14141e-01 6.73566e+02 3.30448e-04
4.24242e-01 7.06823e+02 4.07302e-04
4.34343e-01 7.40882e+02 5.00495e-04
4.44444e-01 7.75742e+02 6.13305e-04
4.54545e-01 8.11404e+02 7.49645e-04
4.64646e-01 8.47867e+02 9.14235e-04
4.74747e-01 8.85131e+02 1.11280e-03
4.84848e-01 9.23197e+02 1.35209e-03
4.94949e-01 9.62064e+02 1.64060e-03
5.05051e-01 1.00173e+03 1.98808e-03
5.15152e-01 1.04220e+03 2.40703e-03
5.25253e-01 1.08347e+03 2.91277e-03
5.35354e-01 1.12554e+03 3.52335e-03
5.45455e-01 1.16842e+03 4.26331e-03
5.55556e-01 1.21209e+03 5.16091e-03
5.65657e-01 1.25657e+03 6.25368e-03
5.75758e-01 1.30184e+03 7.59092e-03
5.85859e-01 1.34792e+03 9.23476e-03
5.95960e-01 1.39480e+03 1.12708e-02
6.06061e-01 1.44248e+03 1.38153e-02
6.16162e-01 1.49096e+03 1.70371e-02
6.26263e-01 1.54024e+03 2.11820e-02
6.36364e-01 1.59032e+03 2.66469e-02
6.46465e-01 1.64120e+03 3.41136e-02
6.56566e-01 1.69288e+03 4.49732e-02
6.66667e-01 1.74535e+03 6.29891e-02
6.76768e-01 1.79672e+03 1.44050e+00
