0.00000e+00 0.00000e+00 0.00000e+00
1.01010e-02 4.00695e-01 0.00000e+00
2.02020e-02 1.60278e+00 0.00000e+00
3.03030e-02 3.60626e+00 0.00000e+00
4.04040e-02 6.41112e+00 0.00000e+00
5.05051e-02 1.00174e+01 0.00000e+00
6.06061e-02 1.44250e+01 0.00000e+00
7.07071e-02 1.96341e+01 0.00000e+00
8.08081e-02 2.56445e+01 0.00000e+00
9.09091e-02 3.24563e+01 0.00000e+00
1.01010e-01 4.00695e+01 3.51504e-12
1.11111e-01 4.84841e+01 8.50352e-11
1.21212e-01 5.77001e+01 5.49670e-10
1.31313e-01 6.77175e+01 2.89489e-09
1.41414e-01 7.85362e+01 9.03777e-09
1.51515e-01 9.01564e+01 3.70804e-08
1.61616e-01 1.02578e+02 8.11599e-08
1.71717e-01 1.15801e+02 1.56802e-07
1.81818e-01 1.29825e+02 2.87563e-07
1.91919e-01 1.44651e+02 4.95058e-07
2.02020e-01 1.60278e+02 8.09962e-07
2.12121e-01 1.76707e+02 1.28608e-06
2.22222e-01 1.93936e+02 1.96644e-06
2.32323e-01 2.11968e+02 2.94088e-06
2.42424e-01 2.30800e+02 4.28770e-06
2.52525e-01 2.50434e+02 6.11623e-06
2.62626e-01 2.70870e+02 8.59506e-06
2.72727e-01 2.92107e+02 1.18756e-05
2.82828e-01 3.14145e+02 1.61661e-05
2.92929e-01 3.36985e+02 2.17713e-05
3.03030e-01 3.60626e+02 2.89712e-05
3.13131e-01 3.85068e+02 3.81623e-05
3.23232e-01 4.10312e+02 4.98100e-05
3.33333e-01 4.36357e+02 6.44759e-05
3.43434e-01 4.63203e+02 8.28298e-05
3.53535e-01 4.90851e+02 1.05678e-04
3.63636e-01 5.19301e+02 1.33984e-04
3.73737e-01 5.48551e+02 1.68897e-04
3.83838e-01 5.78603e+02 2.11794e-04
3.93939e-01 6.09457e+02 2.64325e-04
4.04040e-01 6.41112e+02 3.28434e-04
4.14141e-01 6.73568e+02 4.06477e-04
4.24242e-01 7.06826e+02 5.01262e-04
4.34343e-01 7.40884e+02 6.16140e-04
4.44444e-01 7.75745e+02 7.55174e-04
4.54545e-01 8.11406e+02 9.23123e-04
4.64646e-01 8.47869e+02 1.12587e-03
4.74747e-01 8.85134e+02 1.37043e-03
4.84848e-01 9.23199e+02 1.66546e-03
4.94949e-01 9.62066e+02 2.02115e-03
5.05051e-01 1.00173e+03 2.45031e-03
5.15152e-01 1.04220e+03 2.96856e-03
5.25253e-01 1.08347e+03 3.59549e-03
5.35354e-01 1.12555e+03 4.35502e-03
5.45455e-01 1.16842e+03 5.27783e-03
5.55556e-01 1.21209e+03 6.40332e-03
5.65657e-01 1.25657e+03 7.78145e-03
5.75758e-01 1.30185e+03 9.47974e-03
5.85859e-01 1.34792e+03 1.15871e-02
5.95960e-01 1.39480e+03 1.42293e-02
6.06061e-01 1.44248e+03 1.75849e-02
6.16162e-01 1.49096e+03 2.19241e-02
6.26263e-01 1.54024e+03 2.76845e-02
6.36364e-01 1.59032e+03 3.56440e-02
6.46465e-01 1.64119e+03 4.74695e-02
6.56566e-01 1.69286e+03 6.82783e-02
6.66667e-01 1.74394e+03 1.14208e+00
