0.00000e+00 0.00000e+00 0.00000e+00
1.01010e-02 4.00706e-01 0.00000e+00
2.02020e-02 1.60283e+00 0.00000e+00
3.03030e-02 3.60636e+00 0.00000e+00
4.04040e-02 6.41130e+00 0.00000e+00
5.05051e-02 1.00177e+01 0.00000e+00
6.06061e-02 1.44254e+01 0.00000e+00
7.07071e-02 1.96346e+01 0.00000e+00
8.08081e-02 2.56452e+01 0.00000e+00
9.09091e-02 3.24572e+01 0.00000e+00
1.01010e-01 4.00706e+01 0.00000e+00
1.11111e-01 4.84855e+01 0.00000e+00
1.21212e-01 5.77017e+01 0.00000e+00
1.31313e-01 6.77194e+01 0.00000e+00
1.41414e-01 7.85384e+01 0.00000e+00
1.51515e-01 9.01589e+01 0.00000e+00
1.61616e-01 1.02581e+02 0.00000e+00
1.71717e-01 1.15804e+02 0.00000e+00
1.81818e-01 1.29829e+02 0.00000e+00
1.91919e-01 1.44655e+02 0.00000e+00
2.02020e-01 1.60283e+02 0.00000e+00
2.12121e-01 1.76711e+02 0.00000e+00
2.22222e-01 1.93942e+02 0.00000e+00
2.32323e-01 2.11974e+02 0.00000e+00
2.42424e-01 2.30807e+02 0.00000e+00
2.52525e-01 2.50441e+02 0.00000e+00
2.62626e-01 2.70877e+02 0.00000e+00
2.72727e-01 2.92115e+02 0.00000e+00
2.82828e-01 3.14154e+02 0.00000e+00
2.92929e-01 3.36994e+02 0.00000e+00
3.03030e-01 3.60636e+02 0.00000e+00
3.13131e-01 3.85079e+02 0.00000e+00
3.23232e-01 4.10323e+02 0.00000e+00
3.33333e-01 4.36369e+02 0.00000e+00
3.43434e-01 4.63217e+02 8.23393e-10
3.53535e-01 4.90865e+02 1.56080e-08
3.63636e-01 5.19315e+02 1.34406e-07
3.73737e-01 5.48567e+02 8.08455e-07
3.83838e-01 5.78620e+02 2.37786e-06
3.93939e-01 6.09474e+02 5.37784e-06
4.04040e-01 6.41130e+02 1.07600e-05
4.14141e-01 6.73587e+02 1.96177e-05
4.24242e-01 7.06846e+02 3.33599e-05
4.34343e-01 7.40906e+02 5.36889e-05
4.44444e-01 7.75767e+02 8.26996e-05
4.54545e-01 8.11430e+02 1.22900e-04
4.64646e-01 8.47894e+02 1.77450e-04
4.74747e-01 8.85160e+02 2.49534e-04
4.84848e-01 9.23227e+02 3.43745e-04
4.94949e-01 9.62095e+02 4.64620e-04
5.05051e-01 1.00177e+03 6.18480e-04
5.15152e-01 1.04224e+03 8.11776e-04
5.25253e-01 1.08351e+03 1.05277e-03
5.35354e-01 1.12558e+03 1.35107e-03
5.45455e-01 1.16846e+03 1.71797e-03
5.55556e-01 1.21213e+03 2.16705e-03
5.65657e-01 1.25661e+03 2.71438e-03
5.75758e-01 1.30189e+03 3.37937e-03
5.85859e-01 1.34797e+03 4.18554e-03
5.95960e-01 1.39485e+03 5.16172e-03
6.06061e-01 1.44254e+03 6.34215e-03
6.16162e-01 1.49102e+03 7.77032e-03
6.26263e-01 1.54030e+03 9.50000e-03
6.36364e-01 1.59039e+03 1.16000e-02
6.46465e-01 1.64128e+03 1.41556e-02
6.56566e-01 1.69296e+03 1.72798e-02
6.66667e-01 1.74545e+03 2.11218e-02
6.76768e-01 1.79874e+03 2.58770e-02
6.86869e-01 1.85283e+03 3.18229e-02
6.96970e-01 1.90772e+03 3.93449e-02
7.07071e-01 1.96340e+03 4.90155e-02
7.17172e-01 2.01989e+03 6.17291e-02
7.27273e-01 2.07717e+03 7.90015e-02
7.37374e-01 2.13524e+03 1.03726e-01
7.47475e-01 2.19411e+03 1.42867e-01
7.57576e-01 2.25372e+03 2.27274e-01
7.67677e-01 2.30647e+03 5.66916e+00
