0.00000e+00 5.60959e-01 1.61451e+00
1.01010e-02 5.98146e-01 1.61743e+00
2.02020e-02 6.39338e-01 1.62107e+00
3.03030e-02 6.84281e-01 1.62599e+00
4.04040e-02 7.31577e-01 1.63377e+00
5.05051e-02 7.74720e-01 1.65074e+00
6.06061e-02 7.80162e-01 1.70813e+00
7.07071e-02 7.85970e-01 1.76551e+00
8.08081e-02 7.78933e-01 1.83560e+00
9.09091e-02 7.77762e-01 1.89997e+00
1.01010e-01 7.80205e-01 1.96061e+00
1.11111e-01 7.80563e-01 2.02373e+00
1.21212e-01 7.75750e-01 2.09190e+00
1.31313e-01 7.71108e-01 2.15967e+00
1.41414e-01 7.73999e-01 2.21973e+00
1.51515e-01 7.71148e-01 2.28575e+00
1.61616e-01 7.75652e-01 2.34452e+00
1.71717e-01 7.68947e-01 2.41457e+00
1.81818e-01 7.67690e-01 2.47889e+00
1.91919e-01 7.70160e-01 2.53957e+00
2.02020e-01 7.66778e-01 2.60630e+00
2.12121e-01 7.64563e-01 2.67166e+00
2.22222e-01 7.60827e-01 2.73835e+00
2.32323e-01 7.64271e-01 2.79790e+00
2.42424e-01 7.60377e-01 2.86495e+00
2.52525e-01 7.57886e-01 2.93039e+00
2.62626e-01 7.56028e-01 2.99513e+00
2.72727e-01 7.54613e-01 3.05929e+00
2.82828e-01 7.53570e-01 3.12319e+00
2.92929e-01 7.53813e-01 3.18583e+00
3.03030e-01 7.50433e-01 3.25225e+00
3.13131e-01 7.51255e-01 3.31427e+00
3.23232e-01 7.51071e-01 3.37739e+00
3.33333e-01 7.43679e-01 3.44764e+00
3.43434e-01 7.45786e-01 3.50829e+00
3.53535e-01 7.43360e-01 3.57350e+00
3.63636e-01 7.40711e-01 3.63904e+00
3.73737e-01 7.40417e-01 3.70200e+00
3.83838e-01 7.41670e-01 3.76362e+00
3.93939e-01 7.38614e-01 3.82960e+00
4.04040e-01 7.35521e-01 3.89560e+00
4.14141e-01 7.33956e-01 3.96011e+00
4.24242e-01 7.30129e-01 4.02664e+00
4.34343e-01 7.28494e-01 4.09077e+00
4.44444e-01 7.25099e-01 4.15674e+00
4.54545e-01 7.26726e-01 4.21768e+00
4.64646e-01 7.19855e-01 4.28684e+00
4.74747e-01 7.22071e-01 4.34702e+00
4.84848e-01 7.17646e-01 4.41382e+00
4.94949e-01 7.14788e-01 4.47893e+00
5.05051e-01 7.15788e-01 4.54025e+00
5.15152e-01 7.13186e-01 4.60507e+00
5.25253e-01 7.10675e-01 4.66973e+00
5.35354e-01 7.03664e-01 4.73900e+00
5.45455e-01 7.02735e-01 4.80192e+00
5.55556e-01 7.00635e-01 4.86614e+00
5.65657e-01 6.99824e-01 4.92908e+00
5.75758e-01 6.97346e-01 4.99388e+00
5.85859e-01 6.94448e-01 5.05893e+00
5.95960e-01 6.94796e-01 5.12052e+00
6.06061e-01 6.88363e-01 5.18900e+00
6.16162e-01 6.90023e-01 5.24949e+00
6.26263e-01 6.81308e-01 5.31990e+00
6.36364e-01 6.77758e-01 5.38476e+00
6.46465e-01 6.76322e-01 5.44755e+00
6.56566e-01 6.68224e-01 5.51690e+00
6.66667e-01 6.62765e-01 5.58325e+00
6.76768e-01 6.63421e-01 5.64341e+00
6.86869e-01 6.59350e-01 5.70826e+00
6.96970e-01 6.59374e-01 5.76923e+00
7.07071e-01 6.51499e-01 5.83785e+00
7.17172e-01 6.51069e-01 5.89899e+00
7.27273e-01 6.46372e-01 5.96422e+00
7.37374e-01 6.40457e-01 6.03052e+00
7.47475e-01 6.39711e-01 6.09159e+00
7.57576e-01 6.30141e-01 6.16149e+00
7.67677e-01 6.21705e-01 6.22938e+00
7.77778e-01 6.19171e-01 6.29116e+00
7.87879e-01 6.14760e-01 6.35466e+00
7.97980e-01 6.08053e-01 6.42011e+00
8.08081e-01 6.04863e-01 6.48202e+00
8.18182e-01 5.94247e-01 6.55116e+00
8.28283e-01 5.90872e-01 6.61266e+00
8.38384e-01 5.81942e-01 6.67918e+00
8.48485e-01 5.73702e-01 6.74489e+00
8.58586e-01 5.70160e-01 6.80518e+00
8.68687e-01 5.58700e-01 6.87299e+00
8.78788e-01 5.50789e-01 6.93668e+00
8.88889e-01 5.35593e-01 7.00664e+00
8.98990e-01 5.27617e-01 7.06883e+00
9.09091e-01 5.17927e-01 7.13199e+00
9.19192e-01 5.08098e-01 7.19453e+00
9.29293e-01 4.97560e-01 7.25697e+00
9.39394e-01 4.80255e-01 7.32514e+00
9.49495e-01 4.57820e-01 7.39682e+00
9.59596e-01 4.37812e-01 7.46432e+00
9.69697e-01 4.15516e-01 7.53265e+00
9.79798e-01 3.84436e-01 7.60889e+00
9.89899e-01 3.37858e-01 7.70012e+00
1.00000e+00 1.53498e-01 7.93427e+00
