0.00000e+00 0.00000e+00 0.00000e+00
1.01010e-02 4.00694e-01 0.00000e+00
2.02020e-02 1.60277e+00 0.00000e+00
3.03030e-02 3.60624e+00 0.00000e+00
4.04040e-02 6.41110e+00 0.00000e+00
5.05051e-02 1.00173e+01 4.55218e-14
6.06061e-02 1.44250e+01 5.38839e-11
7.07071e-02 1.96340e+01 9.67345e-10
8.08081e-02 2.56444e+01 5.64774e-09
9.09091e-02 3.24562e+01 2.13787e-08
1.01010e-01 4.00694e+01 6.29249e-08
1.11111e-01 4.84839e+01 1.57084e-07
1.21212e-01 5.76999e+01 3.48976e-07
1.31313e-01 6.77172e+01 7.10592e-07
1.41414e-01 7.85360e+01 1.35112e-06
1.51515e-01 9.01561e+01 2.43274e-06
1.61616e-01 1.02578e+02 4.19174e-06
1.71717e-01 1.15800e+02 6.95881e-06
1.81818e-01 1.29825e+02 1.12044e-05
1.91919e-01 1.44650e+02 1.75733e-05
2.02020e-01 1.60277e+02 2.69475e-05
2.12121e-01 1.76706e+02 4.05707e-05
2.22222e-01 1.93936e+02 6.00720e-05
2.32323e-01 2.11967e+02 8.77689e-05
2.42424e-01 2.30799e+02 1.26853e-04
2.52525e-01 2.50433e+02 1.81783e-04
2.62626e-01 2.70869e+02 2.58847e-04
2.72727e-01 2.92105e+02 3.67401e-04
2.82828e-01 3.14143e+02 5.21556e-04
2.92929e-01 3.36982e+02 7.43999e-04
3.03030e-01 3.60623e+02 1.07467e-03
3.13131e-01 3.85065e+02 1.59357e-03
3.23232e-01 4.10307e+02 2.51771e-03
3.33333e-01 4.36324e+02 2.63770e-02
