0.00000e+00 0.00000e+00 0.00000e+00
1.01010e-02 4.00698e-01 0.00000e+00
2.02020e-02 1.60279e+00 0.00000e+00
3.03030e-02 3.60628e+00 0.00000e+00
4.04040e-02 6.41117e+00 0.00000e+00
5.05051e-02 1.00174e+01 0.00000e+00
6.06061e-02 1.44251e+01 0.00000e+00
7.07071e-02 1.96342e+01 0.00000e+00
8.08081e-02 2.56447e+01 0.00000e+00
9.09091e-02 3.24565e+01 0.00000e+00
1.01010e-01 4.00698e+01 0.00000e+00
1.11111e-01 4.84844e+01 0.00000e+00
1.21212e-01 5.77005e+01 0.00000e+00
1.31313e-01 6.77179e+01 0.00000e+00
1.41414e-01 7.85368e+01 0.00000e+00
1.51515e-01 9.01570e+01 0.00000e+00
1.61616e-01 1.02579e+02 0.00000e+00
1.71717e-01 1.15802e+02 5.60001e-13
1.81818e-01 1.29826e+02 8.36279e-11
