8.76566e-01
9.89158e-01
1.10889e+00
1.23492e+00
1.36664e+00
1.49788e+00
1.61616e+00
1.68266e+00
1.69400e+00
1.69779e+00
1.70729e+00
1.68796e+00
1.66581e+00
1.67974e+00
1.68817e+00
1.68046e+00
1.66984e+00
1.64986e+00
1.69559e+00
1.69990e+00
1.68313e+00
1.69648e+00
1.64501e+00
1.63913e+00
1.67740e+00
1.69828e+00
1.67738e+00
1.69577e+00
1.69537e+00
1.68282e+00
1.68852e+00
1.70474e+00
1.68904e+00
1.67509e+00
1.67858e+00
1.70629e+00
1.70197e+00
1.71186e+00
1.66604e+00
1.69599e+00
1.66225e+00
1.69264e+00
1.65532e+00
1.66483e+00
1.67805e+00
1.65878e+00
1.67001e+00
1.65628e+00
1.66684e+00
1.68597e+00
1.69700e+00
1.70449e+00
1.71631e+00
1.69099e+00
1.66014e+00
1.66493e+00
1.66289e+00
1.64734e+00
1.65601e+00
1.68247e+00
1.73373e+00
1.69750e+00
1.66097e+00
1.65905e+00
1.68757e+00
1.71221e+00
1.67247e+00
1.71092e+00
1.65145e+00
1.65122e+00
1.68452e+00
1.65168e+00
1.66812e+00
1.68615e+00
1.65085e+00
1.66258e+00
1.71486e+00
1.66083e+00
1.64673e+00
1.64787e+00
1.67670e+00
1.66928e+00
1.64923e+00
1.66708e+00
1.65872e+00
1.66685e+00
1.67225e+00
1.66347e+00
1.64876e+00
1.70596e+00
1.69097e+00
1.66052e+00
1.67488e+00
1.68790e+00
1.67907e+00
1.62799e+00
1.65937e+00
1.66089e+00
1.47326e+00
6.31515e-01
