0.00000e+00 0.00000e+00 0.00000e+00
1.01010e-02 4.00695e-01 0.00000e+00
2.02020e-02 1.60278e+00 0.00000e+00
3.03030e-02 3.60626e+00 0.00000e+00
4.04040e-02 6.41112e+00 0.00000e+00
5.05051e-02 1.00174e+01 0.00000e+00
6.06061e-02 1.44250e+01 0.00000e+00
7.07071e-02 1.96341e+01 0.00000e+00
8.08081e-02 2.56445e+01 0.00000e+00
9.09091e-02 3.24563e+01 0.00000e+00
1.01010e-01 4.00695e+01 5.89550e-23
1.11111e-01 4.84841e+01 7.83488e-13
1.21212e-01 5.77001e+01 5.19751e-12
1.31313e-01 6.77175e+01 2.14067e-11
1.41414e-01 7.85362e+01 6.50533e-11
1.51515e-01 9.01564e+01 1.60598e-10
1.61616e-01 1.02578e+02 3.50620e-10
1.71717e-01 1.15801e+02 7.00486e-10
1.81818e-01 1.29825e+02 1.31186e-09
1.91919e-01 1.44651e+02 2.31953e-09
2.02020e-01 1.60278e+02 3.93054e-09
2.12121e-01 1.76707e+02 6.41501e-09
2.22222e-01 1.93936e+02 1.01674e-08
2.32323e-01 2.11968e+02 1.56194e-08
2.42424e-01 2.30800e+02 2.34696e-08
2.52525e-01 2.50434e+02 3.98864e-08
2.62626e-01 2.70870e+02 6.33745e-08
2.72727e-01 2.92107e+02 9.56932e-08
2.82828e-01 3.14145e+02 1.39114e-07
2.92929e-01 3.36985e+02 1.96750e-07
3.03030e-01 3.60626e+02 2.70752e-07
3.13131e-01 3.85068e+02 3.64872e-07
3.23232e-01 4.10312e+02 4.68593e-07
3.33333e-01 4.36357e+02 6.32969e-07
3.43434e-01 4.63204e+02 8.15988e-07
3.53535e-01 4.90852e+02 1.04200e-06
3.63636e-01 5.19301e+02 1.31979e-06
3.73737e-01 5.48552e+02 1.65981e-06
3.83838e-01 5.78604e+02 2.07375e-06
3.93939e-01 6.09457e+02 2.57732e-06
4.04040e-01 6.41112e+02 3.19700e-06
4.14141e-01 6.73568e+02 3.92585e-06
4.24242e-01 7.06826e+02 4.82002e-06
4.34343e-01 7.40885e+02 5.88216e-06
4.44444e-01 7.75746e+02 7.15237e-06
4.54545e-01 8.11408e+02 8.66564e-06
4.64646e-01 8.47871e+02 1.04671e-05
4.74747e-01 8.85135e+02 1.26063e-05
4.84848e-01 9.23202e+02 1.51392e-05
4.94949e-01 9.62069e+02 1.81359e-05
5.05051e-01 1.00174e+03 2.16733e-05
5.15152e-01 1.04221e+03 2.58423e-05
5.25253e-01 1.08348e+03 3.07478e-05
5.35354e-01 1.12555e+03 3.65121e-05
5.45455e-01 1.16843e+03 4.32787e-05
5.55556e-01 1.21210e+03 5.12098e-05
5.65657e-01 1.25658e+03 6.04996e-05
5.75758e-01 1.30186e+03 7.13638e-05
5.85859e-01 1.34794e+03 8.40629e-05
5.95960e-01 1.39482e+03 9.88906e-05
6.06061e-01 1.44250e+03 1.16194e-04
6.16162e-01 1.49099e+03 1.36370e-04
6.26263e-01 1.54027e+03 1.59907e-04
6.36364e-01 1.59036e+03 1.87300e-04
6.46465e-01 1.64125e+03 2.19193e-04
6.56566e-01 1.69294e+03 2.56305e-04
6.66667e-01 1.74543e+03 2.99495e-04
6.76768e-01 1.79872e+03 3.49734e-04
6.86869e-01 1.85281e+03 4.08183e-04
6.96970e-01 1.90771e+03 4.76173e-04
7.07071e-01 1.96341e+03 5.55286e-04
7.17172e-01 2.01990e+03 6.47358e-04
7.27273e-01 2.07720e+03 7.54603e-04
7.37374e-01 2.13530e+03 8.79562e-04
7.47475e-01 2.19421e+03 1.02530e-03
7.57576e-01 2.25391e+03 1.19543e-03
7.67677e-01 2.31441e+03 1.39437e-03
7.77778e-01 2.37572e+03 1.62727e-03
7.87879e-01 2.43783e+03 1.90051e-03
7.97980e-01 2.50074e+03 2.22181e-03
8.08081e-01 2.56445e+03 2.60065e-03
8.18182e-01 2.62896e+03 3.04867e-03
8.28283e-01 2.69427e+03 3.58077e-03
8.38384e-01 2.76038e+03 4.21572e-03
8.48485e-01 2.82730e+03 4.97660e-03
8.58586e-01 2.89502e+03 5.89462e-03
8.68687e-01 2.96353e+03 7.01061e-03
8.78788e-01 3.03285e+03 8.37954e-03
8.88889e-01 3.10297e+03 1.00774e-02
8.98990e-01 3.17389e+03 1.22115e-02
9.09091e-01 3.24561e+03 1.49404e-02
9.19192e-01 3.31813e+03 1.85116e-02
9.29293e-01 3.39146e+03 2.33346e-02
9.39394e-01 3.46558e+03 3.01359e-02
9.49495e-01 3.54050e+03 4.03399e-02
9.59596e-01 3.61621e+03 5.70631e-02
9.69697e-01 3.69271e+03 8.88125e-02
9.79798e-01 3.76996e+03 1.69605e-01
9.89899e-01 2.46779e+03 7.54781e+02
