0.00000e+00 0.00000e+00 0.00000e+00
1.01010e-02 4.00699e-01 0.00000e+00
2.02020e-02 1.60280e+00 0.00000e+00
3.03030e-02 3.60629e+00 0.00000e+00
4.04040e-02 6.41119e+00 0.00000e+00
5.05051e-02 1.00175e+01 0.00000e+00
6.06061e-02 1.44252e+01 0.00000e+00
7.07071e-02 1.96343e+01 0.00000e+00
8.08081e-02 2.56448e+01 0.00000e+00
9.09091e-02 3.24566e+01 0.00000e+00
1.01010e-01 4.00699e+01 0.00000e+00
1.11111e-01 4.84846e+01 0.00000e+00
1.21212e-01 5.77007e+01 0.00000e+00
1.31313e-01 6.77182e+01 0.00000e+00
1.41414e-01 7.85371e+01 0.00000e+00
1.51515e-01 9.01573e+01 0.00000e+00
1.61616e-01 1.02579e+02 0.00000e+00
1.71717e-01 1.15802e+02 0.00000e+00
1.81818e-01 1.29827e+02 0.00000e+00
1.91919e-01 1.44652e+02 0.00000e+00
2.02020e-01 1.60280e+02 1.61283e-23
2.12121e-01 1.76708e+02 2.00508e-11
2.22222e-01 1.93938e+02 3.01533e-10
2.32323e-01 2.11970e+02 1.64924e-09
2.42424e-01 2.30803e+02 5.66299e-09
2.52525e-01 2.50437e+02 1.51581e-08
2.62626e-01 2.70873e+02 4.38022e-08
2.72727e-01 2.92110e+02 9.70467e-08
2.82828e-01 3.14148e+02 1.95681e-07
2.92929e-01 3.36988e+02 4.13691e-07
3.03030e-01 3.60629e+02 8.21524e-07
3.13131e-01 3.85072e+02 1.38495e-06
3.23232e-01 4.10316e+02 2.05871e-06
3.33333e-01 4.36362e+02 3.05572e-06
3.43434e-01 4.63208e+02 4.31756e-06
3.53535e-01 4.90857e+02 6.08529e-06
3.63636e-01 5.19306e+02 8.26930e-06
3.73737e-01 5.48557e+02 1.12108e-05
3.83838e-01 5.78610e+02 1.48923e-05
3.93939e-01 6.09464e+02 1.93920e-05
4.04040e-01 6.41119e+02 2.52473e-05
4.14141e-01 6.73576e+02 3.23072e-05
4.24242e-01 7.06834e+02 4.09822e-05
4.34343e-01 7.40893e+02 5.15593e-05
4.44444e-01 7.75754e+02 6.43798e-05
4.54545e-01 8.11416e+02 7.98555e-05
4.64646e-01 8.47880e+02 9.84372e-05
4.74747e-01 8.85145e+02 1.20671e-04
4.84848e-01 9.23211e+02 1.47185e-04
4.94949e-01 9.62079e+02 1.78701e-04
5.05051e-01 1.00175e+03 2.16062e-04
5.15152e-01 1.04222e+03 2.60265e-04
5.25253e-01 1.08349e+03 3.12575e-04
5.35354e-01 1.12556e+03 3.74078e-04
5.45455e-01 1.16844e+03 4.46433e-04
5.55556e-01 1.21211e+03 5.31434e-04
5.65657e-01 1.25659e+03 6.31215e-04
5.75758e-01 1.30187e+03 7.48237e-04
5.85859e-01 1.34795e+03 8.85421e-04
5.95960e-01 1.39483e+03 1.04609e-03
6.06061e-01 1.44252e+03 1.23424e-03
6.16162e-01 1.49100e+03 1.45452e-03
6.26263e-01 1.54029e+03 1.71241e-03
6.36364e-01 1.59037e+03 2.01435e-03
6.46465e-01 1.64126e+03 2.36792e-03
6.56566e-01 1.69295e+03 2.78208e-03
6.66667e-01 1.74544e+03 3.26744e-03
6.76768e-01 1.79873e+03 3.83646e-03
6.86869e-01 1.85283e+03 4.50421e-03
6.96970e-01 1.90772e+03 5.28880e-03
7.07071e-01 1.96342e+03 6.21093e-03
7.17172e-01 2.01992e+03 7.29636e-03
7.27273e-01 2.07721e+03 8.57600e-03
7.37374e-01 2.13531e+03 1.00875e-02
7.47475e-01 2.19421e+03 1.18765e-02
7.57576e-01 2.25392e+03 1.39993e-02
7.67677e-01 2.31442e+03 1.65261e-02
7.77778e-01 2.37572e+03 1.95459e-02
7.87879e-01 2.43783e+03 2.31673e-02
7.97980e-01 2.50073e+03 2.75328e-02
8.08081e-01 2.56444e+03 3.28286e-02
8.18182e-01 2.62894e+03 3.92990e-02
8.28283e-01 2.69425e+03 4.72798e-02
8.38384e-01 2.76035e+03 5.72210e-02
8.48485e-01 2.82725e+03 6.97843e-02
8.58586e-01 2.89495e+03 8.59257e-02
8.68687e-01 2.96345e+03 1.07153e-01
8.78788e-01 3.03274e+03 1.35940e-01
8.88889e-01 3.10281e+03 1.77009e-01
8.98990e-01 3.17367e+03 2.41491e-01
9.09091e-01 3.24526e+03 3.68181e-01
9.19192e-01 3.21806e+03 6.21133e+01
