0.00000e+00 0.00000e+00 0.00000e+00
1.01010e-02 4.00694e-01 0.00000e+00
2.02020e-02 1.60278e+00 0.00000e+00
3.03030e-02 3.60625e+00 0.00000e+00
4.04040e-02 6.41110e+00 0.00000e+00
5.05051e-02 1.00173e+01 6.87417e-12
6.06061e-02 1.44250e+01 1.34719e-09
7.07071e-02 1.96340e+01 1.67563e-08
8.08081e-02 2.56444e+01 9.04916e-08
9.09091e-02 3.24562e+01 3.33961e-07
1.01010e-01 4.00694e+01 9.79554e-07
1.11111e-01 4.84840e+01 2.47542e-06
1.21212e-01 5.76999e+01 5.66819e-06
1.31313e-01 6.77173e+01 1.21829e-05
1.41414e-01 7.85360e+01 2.47825e-05
1.51515e-01 9.01561e+01 5.03444e-05
1.61616e-01 1.02578e+02 1.04741e-04
1.71717e-01 1.15800e+02 2.86769e-04
1.81818e-01 1.29823e+02 1.80207e-03
