0.00000e+00 0.00000e+00
2.04082e-02 2.04033e-02
4.08163e-02 4.07773e-02
6.12245e-02 6.10929e-02
8.16327e-02 8.13210e-02
1.02041e-01 1.01433e-01
1.22449e-01 1.21400e-01
1.42857e-01 1.41195e-01
1.63265e-01 1.60790e-01
1.83673e-01 1.80158e-01
2.04082e-01 1.99274e-01
2.24490e-01 2.18112e-01
2.44898e-01 2.36648e-01
2.65306e-01 2.54858e-01
2.85714e-01 2.72720e-01
3.06122e-01 2.90212e-01
3.26531e-01 3.07314e-01
3.46939e-01 3.24006e-01
3.67347e-01 3.40270e-01
3.87755e-01 3.56091e-01
4.08163e-01 3.71452e-01
4.28571e-01 3.86338e-01
4.48980e-01 4.00737e-01
4.69388e-01 4.14636e-01
4.89796e-01 4.28026e-01
5.10204e-01 4.40895e-01
5.30612e-01 4.53238e-01
5.51020e-01 4.65048e-01
5.71429e-01 4.76318e-01
5.91837e-01 4.87045e-01
6.12245e-01 4.97224e-01
6.32653e-01 5.06856e-01
6.53061e-01 5.15938e-01
6.73469e-01 5.24471e-01
6.93878e-01 5.32456e-01
7.14286e-01 5.39896e-01
7.34694e-01 5.46793e-01
7.55102e-01 5.53153e-01
7.75510e-01 5.58978e-01
7.95918e-01 5.64276e-01
8.16327e-01 5.69051e-01
8.36735e-01 5.73311e-01
8.57143e-01 5.77060e-01
8.77551e-01 5.80307e-01
8.97959e-01 5.83058e-01
9.18367e-01 5.85318e-01
9.38776e-01 5.87089e-01
9.59184e-01 5.88371e-01
9.79592e-01 5.89151e-01
9.89796e-01 6.73744e-04
