0.00000e+00 0.00000e+00
1.00000e+00 1.00000e+00
1.00010e+00 9.99986e-01
1.00812e+00 9.86070e-01
1.01613e+00 9.72018e-01
1.02415e+00 9.57976e-01
1.03216e+00 9.43930e-01
1.04018e+00 9.29879e-01
1.04819e+00 9.15843e-01
1.05621e+00 9.01788e-01
1.06423e+00 8.87746e-01
1.07224e+00 8.73708e-01
1.08026e+00 8.59659e-01
1.08827e+00 8.45612e-01
1.09629e+00 8.31567e-01
1.10431e+00 8.17523e-01
1.11232e+00 8.03480e-01
1.12034e+00 7.89438e-01
1.12835e+00 7.75398e-01
1.13637e+00 7.61347e-01
1.14438e+00 7.47307e-01
1.15240e+00 7.33269e-01
1.16042e+00 7.19220e-01
1.16843e+00 7.05182e-01
1.17645e+00 6.91134e-01
1.18446e+00 6.77088e-01
1.19248e+00 6.63052e-01
1.20050e+00 6.49006e-01
1.20851e+00 6.34961e-01
1.21653e+00 6.20927e-01
1.22454e+00 6.06883e-01
1.23256e+00 5.92839e-01
1.24057e+00 5.78796e-01
1.24859e+00 5.64754e-01
1.25661e+00 5.50712e-01
1.26462e+00 5.36682e-01
1.27264e+00 5.22642e-01
1.28065e+00 5.08602e-01
1.28867e+00 4.94563e-01
1.29669e+00 4.80526e-01
1.30470e+00 4.66479e-01
1.31272e+00 4.52443e-01
1.32073e+00 4.38409e-01
1.32875e+00 4.24376e-01
1.33676e+00 4.10344e-01
1.34478e+00 3.96314e-01
1.35280e+00 3.82276e-01
1.36081e+00 3.68250e-01
1.36883e+00 3.54227e-01
1.37684e+00 3.40197e-01
1.38486e+00 3.26180e-01
1.39288e+00 3.12156e-01
1.40089e+00 2.98137e-01
1.40891e+00 2.84134e-01
1.41692e+00 2.70127e-01
1.42494e+00 2.56128e-01
1.43295e+00 2.42138e-01
1.44097e+00 2.28160e-01
1.44899e+00 2.14187e-01
1.45700e+00 2.00243e-01
1.46502e+00 1.86312e-01
1.47303e+00 1.72414e-01
1.48105e+00 1.58559e-01
1.48907e+00 1.44753e-01
1.49708e+00 1.31030e-01
1.50510e+00 1.17417e-01
1.51311e+00 1.03984e-01
1.52113e+00 9.08239e-02
1.52914e+00 7.80812e-02
1.53716e+00 6.60169e-02
1.54518e+00 5.49872e-02
1.55319e+00 4.53981e-02
1.56121e+00 3.74861e-02
1.56922e+00 3.12862e-02
1.57724e+00 2.65416e-02
1.58526e+00 2.28816e-02
1.59327e+00 2.00345e-02
1.60129e+00 1.78088e-02
1.60930e+00 1.60350e-02
1.61732e+00 1.46079e-02
1.62533e+00 1.34342e-02
1.63335e+00 1.24501e-02
1.64137e+00 1.16095e-02
1.64938e+00 1.08795e-02
1.65339e+00 1.02447e-02
