0.00000e+00 0.00000e+00 0.00000e+00
1.01010e-02 4.00699e-01 0.00000e+00
2.02020e-02 1.60280e+00 0.00000e+00
3.03030e-02 3.60629e+00 0.00000e+00
4.04040e-02 6.41119e+00 0.00000e+00
5.05051e-02 1.00175e+01 0.00000e+00
6.06061e-02 1.44252e+01 0.00000e+00
7.07071e-02 1.96343e+01 0.00000e+00
8.08081e-02 2.56448e+01 0.00000e+00
9.09091e-02 3.24566e+01 0.00000e+00
1.01010e-01 4.00699e+01 0.00000e+00
1.11111e-01 4.84846e+01 0.00000e+00
1.21212e-01 5.77007e+01 0.00000e+00
1.31313e-01 6.77182e+01 0.00000e+00
1.41414e-01 7.85371e+01 0.00000e+00
1.51515e-01 9.01573e+01 0.00000e+00
1.61616e-01 1.02579e+02 0.00000e+00
1.71717e-01 1.15802e+02 0.00000e+00
1.81818e-01 1.29827e+02 0.00000e+00
1.91919e-01 1.44652e+02 0.00000e+00
2.02020e-01 1.60280e+02 1.17810e-24
2.12121e-01 1.76708e+02 1.33157e-12
2.22222e-01 1.93938e+02 2.04143e-11
2.32323e-01 2.11970e+02 1.17270e-10
2.42424e-01 2.30803e+02 4.13648e-10
2.52525e-01 2.50437e+02 1.10727e-09
2.62626e-01 2.70873e+02 2.48952e-09
2.72727e-01 2.92110e+02 4.99121e-09
2.82828e-01 3.14148e+02 9.22966e-09
2.92929e-01 3.36988e+02 1.60505e-08
3.03030e-01 3.60629e+02 3.88847e-08
3.13131e-01 3.85072e+02 7.62276e-08
3.23232e-01 4.10316e+02 1.32244e-07
3.33333e-01 4.36362e+02 2.09549e-07
3.43434e-01 4.63208e+02 3.01057e-07
3.53535e-01 4.90857e+02 4.23463e-07
3.63636e-01 5.19306e+02 5.83766e-07
3.73737e-01 5.48557e+02 7.90719e-07
3.83838e-01 5.78610e+02 1.08183e-06
3.93939e-01 6.09464e+02 1.40913e-06
4.04040e-01 6.41119e+02 1.83191e-06
4.14141e-01 6.73576e+02 2.34804e-06
4.24242e-01 7.06834e+02 2.97898e-06
4.34343e-01 7.40893e+02 3.74657e-06
4.44444e-01 7.75754e+02 4.67571e-06
4.54545e-01 8.11416e+02 5.79599e-06
4.64646e-01 8.47880e+02 7.13974e-06
4.74747e-01 8.85145e+02 8.74571e-06
4.84848e-01 9.23211e+02 1.06570e-05
4.94949e-01 9.62079e+02 1.29268e-05
5.05051e-01 1.00175e+03 1.56129e-05
5.15152e-01 1.04222e+03 1.87847e-05
5.25253e-01 1.08349e+03 2.25208e-05
5.35354e-01 1.12556e+03 2.69148e-05
5.45455e-01 1.16844e+03 3.20722e-05
5.55556e-01 1.21212e+03 3.81182e-05
5.65657e-01 1.25659e+03 4.52113e-05
5.75758e-01 1.30187e+03 5.34933e-05
5.85859e-01 1.34795e+03 6.31691e-05
5.95960e-01 1.39483e+03 7.44664e-05
6.06061e-01 1.44252e+03 8.76468e-05
6.16162e-01 1.49100e+03 1.03017e-04
6.26263e-01 1.54029e+03 1.20933e-04
6.36364e-01 1.59038e+03 1.41814e-04
6.46465e-01 1.64126e+03 1.66140e-04
6.56566e-01 1.69295e+03 1.94473e-04
6.66667e-01 1.74545e+03 2.27477e-04
6.76768e-01 1.79874e+03 2.65909e-04
6.86869e-01 1.85283e+03 3.10676e-04
6.96970e-01 1.90773e+03 3.62821e-04
7.07071e-01 1.96343e+03 4.23571e-04
7.17172e-01 2.01992e+03 4.94375e-04
7.27273e-01 2.07722e+03 5.76918e-04
7.37374e-01 2.13533e+03 6.73215e-04
7.47475e-01 2.19423e+03 7.85628e-04
7.57576e-01 2.25393e+03 9.16974e-04
7.67677e-01 2.31444e+03 1.07062e-03
7.77778e-01 2.37574e+03 1.25060e-03
7.87879e-01 2.43785e+03 1.46180e-03
7.97980e-01 2.50076e+03 1.70998e-03
8.08081e-01 2.56447e+03 2.00255e-03
8.18182e-01 2.62899e+03 2.34822e-03
8.28283e-01 2.69430e+03 2.75805e-03
8.38384e-01 2.76041e+03 3.24592e-03
8.48485e-01 2.82733e+03 3.82939e-03
8.58586e-01 2.89505e+03 4.53129e-03
8.68687e-01 2.96357e+03 5.38137e-03
8.78788e-01 3.03289e+03 6.42036e-03
8.88889e-01 3.10301e+03 7.70136e-03
8.98990e-01 3.17393e+03 9.30128e-03
9.09091e-01 3.24565e+03 1.13344e-02
9.19192e-01 3.31817e+03 1.39793e-02
9.29293e-01 3.39150e+03 1.75306e-02
9.39394e-01 3.46562e+03 2.25020e-02
9.49495e-01 3.54055e+03 2.98650e-02
9.59596e-01 3.61627e+03 4.16804e-02
9.69697e-01 3.69278e+03 6.32319e-02
9.79798e-01 3.77006e+03 1.13030e-01
9.89899e-01 3.84796e+03 3.43008e-01
1.00000e+00 1.46791e+03 1.20945e+03
