8.39769e-01
9.51686e-01
1.07190e+00
1.20287e+00
1.33864e+00
1.48455e+00
1.61942e+00
1.75013e+00
1.83833e+00
1.89690e+00
1.92886e+00
1.92321e+00
1.89227e+00
1.84585e+00
1.78808e+00
1.74061e+00
1.80025e+00
1.77998e+00
1.80763e+00
1.81839e+00
1.84460e+00
1.86206e+00
1.81928e+00
1.83960e+00
1.84085e+00
1.77226e+00
1.77948e+00
1.82280e+00
1.79282e+00
1.87376e+00
1.82794e+00
1.88868e+00
1.92417e+00
1.90327e+00
1.79641e+00
1.84838e+00
1.82453e+00
1.83890e+00
1.82338e+00
1.77607e+00
1.81159e+00
1.89580e+00
1.86706e+00
1.78454e+00
1.82005e+00
1.79139e+00
1.88983e+00
1.88885e+00
1.89527e+00
1.80653e+00
1.79028e+00
1.80317e+00
1.78420e+00
1.80389e+00
1.81824e+00
1.86189e+00
1.77377e+00
1.73182e+00
1.79572e+00
1.85469e+00
1.80733e+00
1.77761e+00
1.74311e+00
1.76720e+00
1.75772e+00
1.69053e+00
1.78728e+00
1.74358e+00
1.79322e+00
1.84210e+00
1.84224e+00
1.78346e+00
1.77213e+00
1.75821e+00
1.78187e+00
1.76028e+00
1.78063e+00
1.75584e+00
1.82718e+00
1.78822e+00
1.85495e+00
1.84434e+00
1.82988e+00
1.74998e+00
1.79881e+00
1.81864e+00
1.84108e+00
1.85356e+00
1.80371e+00
1.73989e+00
1.74847e+00
1.82904e+00
1.73636e+00
1.75232e+00
1.77963e+00
1.82893e+00
1.74773e+00
1.76042e+00
1.83123e+00
1.37743e+00
