0.00000e+00 0.00000e+00
2.04082e-02 2.04039e-02
4.08163e-02 4.07823e-02
6.12245e-02 6.11096e-02
8.16327e-02 8.13606e-02
1.02041e-01 1.01510e-01
1.22449e-01 1.21533e-01
1.42857e-01 1.41404e-01
1.63265e-01 1.61099e-01
1.83673e-01 1.80595e-01
2.04082e-01 1.99867e-01
2.24490e-01 2.18893e-01
2.44898e-01 2.37650e-01
2.65306e-01 2.56116e-01
2.85714e-01 2.74269e-01
3.06122e-01 2.92090e-01
3.26531e-01 3.09557e-01
3.46939e-01 3.26652e-01
3.67347e-01 3.43354e-01
3.87755e-01 3.59648e-01
4.08163e-01 3.75515e-01
4.28571e-01 3.90940e-01
4.48980e-01 4.05908e-01
4.69388e-01 4.20402e-01
4.89796e-01 4.34410e-01
5.10204e-01 4.47918e-01
5.30612e-01 4.60912e-01
5.51020e-01 4.73385e-01
5.71429e-01 4.85323e-01
5.91837e-01 4.96716e-01
6.12245e-01 5.07556e-01
6.32653e-01 5.17832e-01
6.53061e-01 5.27538e-01
6.73469e-01 5.36666e-01
6.93878e-01 5.45207e-01
7.14286e-01 5.53152e-01
7.34694e-01 5.60498e-01
7.55102e-01 5.67236e-01
7.75510e-01 5.73353e-01
7.95918e-01 5.78847e-01
8.16327e-01 5.83701e-01
8.36735e-01 5.87907e-01
8.57143e-01 5.91444e-01
8.77551e-01 5.94294e-01
8.97959e-01 5.96430e-01
9.18367e-01 5.97809e-01
9.38776e-01 5.98376e-01
9.59184e-01 5.98056e-01
9.79592e-01 5.96721e-01
1.00000e+00 5.94165e-01
1.00010e+00 5.94151e-01
1.00812e+00 5.92738e-01
1.01613e+00 5.91058e-01
1.02415e+00 5.89061e-01
1.03216e+00 5.86701e-01
1.04018e+00 5.83915e-01
1.04819e+00 5.80605e-01
1.05621e+00 5.76644e-01
1.06423e+00 5.71846e-01
1.07224e+00 5.65902e-01
1.08026e+00 5.58232e-01
1.08827e+00 5.47533e-01
1.09629e+00 5.28459e-01
1.10030e+00 1.55303e-03
