0.00000e+00 0.00000e+00 0.00000e+00
1.01010e-02 4.00694e-01 0.00000e+00
2.02020e-02 1.60277e+00 0.00000e+00
3.03030e-02 3.60624e+00 0.00000e+00
4.04040e-02 6.41110e+00 0.00000e+00
5.05051e-02 1.00173e+01 5.42882e-14
6.06061e-02 1.44250e+01 8.74635e-11
7.07071e-02 1.96340e+01 1.82673e-09
8.08081e-02 2.56444e+01 1.07651e-08
9.09091e-02 3.24562e+01 4.08764e-08
1.01010e-01 4.00694e+01 1.20695e-07
1.11111e-01 4.84839e+01 3.02303e-07
1.21212e-01 5.76999e+01 6.73824e-07
1.31313e-01 6.77172e+01 1.37696e-06
1.41414e-01 7.85360e+01 2.63083e-06
1.51515e-01 9.01561e+01 4.76609e-06
1.61616e-01 1.02578e+02 8.27051e-06
1.71717e-01 1.15800e+02 1.38561e-05
1.81818e-01 1.29825e+02 2.25536e-05
1.91919e-01 1.44650e+02 3.58510e-05
2.02020e-01 1.60277e+02 5.59145e-05
2.12121e-01 1.76706e+02 8.59216e-05
2.22222e-01 1.93936e+02 1.30655e-04
2.32323e-01 2.11967e+02 1.97453e-04
2.42424e-01 2.30799e+02 2.98394e-04
2.52525e-01 2.50433e+02 4.54591e-04
2.62626e-01 2.70868e+02 7.08659e-04
2.72727e-01 2.92104e+02 1.17319e-03
2.82828e-01 3.14129e+02 1.27088e-02
