0.00000e+00 0.00000e+00 0.00000e+00
1.01010e-02 4.00695e-01 0.00000e+00
2.02020e-02 1.60278e+00 0.00000e+00
3.03030e-02 3.60626e+00 0.00000e+00
4.04040e-02 6.41112e+00 0.00000e+00
5.05051e-02 1.00174e+01 0.00000e+00
6.06061e-02 1.44250e+01 0.00000e+00
7.07071e-02 1.96341e+01 0.00000e+00
8.08081e-02 2.56445e+01 0.00000e+00
9.09091e-02 3.24563e+01 0.00000e+00
1.01010e-01 4.00695e+01 8.53758e-13
1.11111e-01 4.84841e+01 2.22237e-11
1.21212e-01 5.77001e+01 1.48941e-10
1.31313e-01 6.77175e+01 5.78503e-10
1.41414e-01 7.85362e+01 1.71042e-09
1.51515e-01 9.01564e+01 5.50290e-09
1.61616e-01 1.02578e+02 1.32399e-08
1.71717e-01 1.15801e+02 2.82482e-08
1.81818e-01 1.29825e+02 7.28689e-08
1.91919e-01 1.44651e+02 1.30771e-07
2.02020e-01 1.60278e+02 2.16175e-07
2.12121e-01 1.76707e+02 3.37212e-07
2.22222e-01 1.93936e+02 5.24863e-07
2.32323e-01 2.11968e+02 7.87292e-07
2.42424e-01 2.30800e+02 1.14969e-06
2.52525e-01 2.50434e+02 1.63051e-06
2.62626e-01 2.70870e+02 2.30156e-06
2.72727e-01 2.92107e+02 3.18235e-06
2.82828e-01 3.14145e+02 4.31125e-06
2.92929e-01 3.36985e+02 5.81874e-06
3.03030e-01 3.60626e+02 7.73673e-06
3.13131e-01 3.85068e+02 1.01760e-05
3.23232e-01 4.10312e+02 1.32599e-05
3.33333e-01 4.36357e+02 1.71291e-05
3.43434e-01 4.63204e+02 2.19558e-05
3.53535e-01 4.90851e+02 2.79421e-05
3.63636e-01 5.19301e+02 3.53287e-05
3.73737e-01 5.48552e+02 4.43959e-05
3.83838e-01 5.78604e+02 5.54806e-05
3.93939e-01 6.09457e+02 6.89806e-05
4.04040e-01 6.41112e+02 8.53647e-05
4.14141e-01 6.73568e+02 1.05170e-04
4.24242e-01 7.06826e+02 1.29048e-04
4.34343e-01 7.40885e+02 1.57790e-04
4.44444e-01 7.75745e+02 1.92214e-04
4.54545e-01 8.11407e+02 2.33398e-04
4.64646e-01 8.47870e+02 2.82559e-04
4.74747e-01 8.85135e+02 3.41136e-04
4.84848e-01 9.23201e+02 4.10812e-04
4.94949e-01 9.62068e+02 4.93567e-04
5.05051e-01 1.00174e+03 5.91713e-04
5.15152e-01 1.04221e+03 7.08003e-04
5.25253e-01 1.08348e+03 8.45608e-04
5.35354e-01 1.12555e+03 1.00832e-03
5.45455e-01 1.16843e+03 1.20060e-03
5.55556e-01 1.21210e+03 1.42779e-03
5.65657e-01 1.25658e+03 1.69590e-03
5.75758e-01 1.30186e+03 2.01241e-03
5.85859e-01 1.34794e+03 2.38593e-03
5.95960e-01 1.39482e+03 2.82690e-03
6.06061e-01 1.44250e+03 3.34762e-03
6.16162e-01 1.49098e+03 3.96284e-03
6.26263e-01 1.54027e+03 4.69045e-03
6.36364e-01 1.59035e+03 5.55166e-03
6.46465e-01 1.64124e+03 6.57321e-03
6.56566e-01 1.69293e+03 7.78585e-03
6.66667e-01 1.74542e+03 9.22902e-03
6.76768e-01 1.79871e+03 1.09509e-02
6.86869e-01 1.85280e+03 1.30119e-02
6.96970e-01 1.90769e+03 1.54897e-02
7.07071e-01 1.96338e+03 1.84795e-02
7.17172e-01 2.01988e+03 2.21100e-02
7.27273e-01 2.07717e+03 2.65509e-02
7.37374e-01 2.13527e+03 3.20265e-02
7.47475e-01 2.19416e+03 3.88601e-02
7.57576e-01 2.25385e+03 4.75068e-02
7.67677e-01 2.31435e+03 5.86609e-02
7.77778e-01 2.37563e+03 7.34401e-02
7.87879e-01 2.43772e+03 9.38305e-02
7.97980e-01 2.50060e+03 1.23926e-01
8.08081e-01 2.56425e+03 1.75135e-01
8.18182e-01 2.61687e+03 8.11199e+00
