0.00000e+00 0.00000e+00 0.00000e+00
1.01010e-02 4.00694e-01 0.00000e+00
2.02020e-02 1.60277e+00 0.00000e+00
3.03030e-02 3.60624e+00 0.00000e+00
4.04040e-02 6.41110e+00 0.00000e+00
5.05051e-02 1.00173e+01 4.26899e-26
6.06061e-02 1.44250e+01 1.02511e-14
7.07071e-02 1.96340e+01 1.54754e-13
8.08081e-02 2.56444e+01 1.05262e-12
9.09091e-02 3.24562e+01 4.45985e-12
1.01010e-01 4.00694e+01 1.38085e-11
1.11111e-01 4.84839e+01 3.59548e-11
1.21212e-01 5.76999e+01 8.25289e-11
1.31313e-01 6.77172e+01 1.72520e-10
1.41414e-01 7.85360e+01 3.36195e-10
1.51515e-01 9.01561e+01 6.19526e-10
1.61616e-01 1.02578e+02 1.08448e-09
1.71717e-01 1.15800e+02 1.82700e-09
1.81818e-01 1.29825e+02 2.97448e-09
1.91919e-01 1.44650e+02 4.67807e-09
2.02020e-01 1.60277e+02 7.17219e-09
2.12121e-01 1.76706e+02 1.07964e-08
2.22222e-01 1.93936e+02 1.59924e-08
2.32323e-01 2.11967e+02 2.32434e-08
2.42424e-01 2.30800e+02 3.31354e-08
2.52525e-01 2.50434e+02 4.66710e-08
2.62626e-01 2.70869e+02 6.47310e-08
2.72727e-01 2.92106e+02 8.83720e-08
2.82828e-01 3.14144e+02 1.28529e-07
2.92929e-01 3.36983e+02 1.69693e-07
3.03030e-01 3.60624e+02 2.34002e-07
3.13131e-01 3.85067e+02 3.02800e-07
3.23232e-01 4.10310e+02 4.04129e-07
3.33333e-01 4.36355e+02 5.13572e-07
3.43434e-01 4.63202e+02 6.78785e-07
3.53535e-01 4.90850e+02 8.62873e-07
3.63636e-01 5.19299e+02 1.08933e-06
3.73737e-01 5.48550e+02 1.36597e-06
3.83838e-01 5.78602e+02 1.70410e-06
3.93939e-01 6.09455e+02 2.11599e-06
4.04040e-01 6.41110e+02 2.62018e-06
4.14141e-01 6.73566e+02 3.22054e-06
4.24242e-01 7.06824e+02 3.94579e-06
4.34343e-01 7.40883e+02 4.82645e-06
4.44444e-01 7.75743e+02 5.87491e-06
4.54545e-01 8.11405e+02 7.12731e-06
4.64646e-01 8.47868e+02 8.61989e-06
4.74747e-01 8.85132e+02 1.03970e-05
4.84848e-01 9.23198e+02 1.25066e-05
4.94949e-01 9.62066e+02 1.50060e-05
5.05051e-01 1.00173e+03 1.79605e-05
5.15152e-01 1.04220e+03 2.14509e-05
5.25253e-01 1.08348e+03 2.55644e-05
5.35354e-01 1.12555e+03 3.04063e-05
5.45455e-01 1.16842e+03 3.61005e-05
5.55556e-01 1.21210e+03 4.27819e-05
5.65657e-01 1.25658e+03 5.06142e-05
5.75758e-01 1.30185e+03 5.97879e-05
5.85859e-01 1.34793e+03 7.05222e-05
5.95960e-01 1.39481e+03 8.30687e-05
6.06061e-01 1.44250e+03 9.77216e-05
6.16162e-01 1.49098e+03 1.14813e-04
6.26263e-01 1.54027e+03 1.34758e-04
6.36364e-01 1.59035e+03 1.57990e-04
6.46465e-01 1.64124e+03 1.85056e-04
6.56566e-01 1.69293e+03 2.16571e-04
6.66667e-01 1.74542e+03 2.53260e-04
6.76768e-01 1.79871e+03 2.95966e-04
6.86869e-01 1.85281e+03 3.45642e-04
6.96970e-01 1.90770e+03 4.03450e-04
7.07071e-01 1.96340e+03 4.70761e-04
7.17172e-01 2.01990e+03 5.49128e-04
7.27273e-01 2.07720e+03 6.40387e-04
7.37374e-01 2.13530e+03 7.46818e-04
7.47475e-01 2.19420e+03 8.70931e-04
7.57576e-01 2.25390e+03 1.01590e-03
7.67677e-01 2.31441e+03 1.18550e-03
7.77778e-01 2.37571e+03 1.38406e-03
7.87879e-01 2.43782e+03 1.61722e-03
7.97980e-01 2.50073e+03 1.89150e-03
8.08081e-01 2.56444e+03 2.21500e-03
8.18182e-01 2.62895e+03 2.59787e-03
8.28283e-01 2.69426e+03 3.05282e-03
8.38384e-01 2.76037e+03 3.59577e-03
8.48485e-01 2.82729e+03 4.24778e-03
8.58586e-01 2.89501e+03 5.03472e-03
8.68687e-01 2.96352e+03 5.99220e-03
8.78788e-01 3.03284e+03 7.16795e-03
8.88889e-01 3.10296e+03 8.62761e-03
8.98990e-01 3.17388e+03 1.04649e-02
9.09091e-01 3.24560e+03 1.28162e-02
9.19192e-01 3.31813e+03 1.58935e-02
9.29293e-01 3.39145e+03 2.00452e-02
9.39394e-01 3.46557e+03 2.58838e-02
9.49495e-01 3.54049e+03 3.45991e-02
9.59596e-01 3.61621e+03 4.87851e-02
9.69697e-01 3.69271e+03 7.54317e-02
9.79798e-01 3.76998e+03 1.41476e-01
9.89899e-01 2.70367e+03 6.76277e+02
