0.00000e+00 0.00000e+00 0.00000e+00
1.01010e-02 4.00695e-01 0.00000e+00
2.02020e-02 1.60278e+00 0.00000e+00
3.03030e-02 3.60626e+00 0.00000e+00
4.04040e-02 6.41112e+00 0.00000e+00
5.05051e-02 1.00174e+01 0.00000e+00
6.06061e-02 1.44250e+01 0.00000e+00
7.07071e-02 1.96341e+01 0.00000e+00
8.08081e-02 2.56445e+01 0.00000e+00
9.09091e-02 3.24563e+01 0.00000e+00
1.01010e-01 4.00695e+01 6.33967e-09
1.11111e-01 4.84841e+01 1.52087e-07
1.21212e-01 5.77001e+01 1.02989e-06
1.31313e-01 6.77175e+01 4.25237e-06
1.41414e-01 7.85362e+01 1.38549e-05
1.51515e-01 9.01564e+01 4.18045e-05
1.61616e-01 1.02577e+02 1.07600e-03
