0.00000e+00 0.00000e+00 0.00000e+00
1.01010e-02 4.00694e-01 0.00000e+00
2.02020e-02 1.60277e+00 0.00000e+00
3.03030e-02 3.60624e+00 0.00000e+00
4.04040e-02 6.41110e+00 0.00000e+00
5.05051e-02 1.00173e+01 1.70104e-25
6.06061e-02 1.44250e+01 6.59779e-14
7.07071e-02 1.96340e+01 1.07195e-12
8.08081e-02 2.56444e+01 6.96913e-12
9.09091e-02 3.24562e+01 2.72272e-11
1.01010e-01 4.00694e+01 8.41016e-11
1.11111e-01 4.84839e+01 2.16998e-10
1.21212e-01 5.76999e+01 4.98650e-10
1.31313e-01 6.77172e+01 1.04794e-09
1.41414e-01 7.85360e+01 2.05460e-09
1.51515e-01 9.01561e+01 3.79826e-09
1.61616e-01 1.02578e+02 6.66006e-09
1.71717e-01 1.15800e+02 1.12566e-08
1.81818e-01 1.29825e+02 1.83905e-08
1.91919e-01 1.44650e+02 3.33106e-08
2.02020e-01 1.60277e+02 5.49787e-08
2.12121e-01 1.76706e+02 9.13768e-08
2.22222e-01 1.93936e+02 1.41286e-07
2.32323e-01 2.11967e+02 2.03875e-07
2.42424e-01 2.30800e+02 2.89015e-07
2.52525e-01 2.50434e+02 4.02759e-07
2.62626e-01 2.70869e+02 5.53821e-07
2.72727e-01 2.92106e+02 7.51725e-07
2.82828e-01 3.14144e+02 1.00887e-06
2.92929e-01 3.36983e+02 1.34011e-06
3.03030e-01 3.60624e+02 1.76161e-06
3.13131e-01 3.85067e+02 2.29599e-06
3.23232e-01 4.10310e+02 2.97037e-06
3.33333e-01 4.36355e+02 3.81419e-06
3.43434e-01 4.63202e+02 4.86563e-06
3.53535e-01 4.90850e+02 6.16779e-06
3.63636e-01 5.19299e+02 7.77382e-06
3.73737e-01 5.48550e+02 9.74362e-06
3.83838e-01 5.78602e+02 1.21523e-05
3.93939e-01 6.09455e+02 1.50913e-05
4.04040e-01 6.41110e+02 1.86497e-05
4.14141e-01 6.73566e+02 2.29573e-05
4.24242e-01 7.06824e+02 2.82205e-05
4.34343e-01 7.40883e+02 3.44825e-05
4.44444e-01 7.75743e+02 4.19879e-05
4.54545e-01 8.11405e+02 5.09604e-05
4.64646e-01 8.47868e+02 6.16683e-05
4.74747e-01 8.85132e+02 7.44147e-05
4.84848e-01 9.23198e+02 8.95599e-05
4.94949e-01 9.62065e+02 1.07527e-04
5.05051e-01 1.00173e+03 1.28791e-04
5.15152e-01 1.04220e+03 1.53931e-04
5.25253e-01 1.08348e+03 1.83596e-04
5.35354e-01 1.12555e+03 2.18555e-04
5.45455e-01 1.16842e+03 2.59702e-04
5.55556e-01 1.21210e+03 3.08080e-04
5.65657e-01 1.25658e+03 3.64899e-04
5.75758e-01 1.30185e+03 4.31630e-04
5.85859e-01 1.34793e+03 5.09774e-04
5.95960e-01 1.39481e+03 6.01330e-04
6.06061e-01 1.44250e+03 7.08491e-04
6.16162e-01 1.49098e+03 8.33862e-04
6.26263e-01 1.54027e+03 9.80477e-04
6.36364e-01 1.59035e+03 1.15183e-03
6.46465e-01 1.64124e+03 1.35214e-03
6.56566e-01 1.69293e+03 1.58623e-03
6.66667e-01 1.74542e+03 1.85987e-03
6.76768e-01 1.79871e+03 2.17969e-03
6.86869e-01 1.85280e+03 2.55367e-03
6.96970e-01 1.90770e+03 2.99121e-03
7.07071e-01 1.96339e+03 3.50360e-03
7.17172e-01 2.01989e+03 4.10396e-03
7.27273e-01 2.07719e+03 4.80850e-03
7.37374e-01 2.13529e+03 5.63637e-03
7.47475e-01 2.19419e+03 6.61074e-03
7.57576e-01 2.25389e+03 7.76099e-03
7.67677e-01 2.31440e+03 9.12084e-03
7.77778e-01 2.37570e+03 1.07334e-02
7.87879e-01 2.43781e+03 1.26529e-02
7.97980e-01 2.50071e+03 1.49472e-02
8.08081e-01 2.56442e+03 1.77029e-02
8.18182e-01 2.62893e+03 2.10321e-02
8.28283e-01 2.69423e+03 2.50847e-02
8.38384e-01 2.76034e+03 3.00529e-02
8.48485e-01 2.82725e+03 3.62098e-02
8.58586e-01 2.89496e+03 4.39319e-02
8.68687e-01 2.96347e+03 5.37737e-02
8.78788e-01 3.03277e+03 6.65499e-02
8.88889e-01 3.10288e+03 8.35779e-02
8.98990e-01 3.17377e+03 1.07077e-01
9.09091e-01 3.24546e+03 1.41394e-01
9.19192e-01 3.31793e+03 1.96905e-01
9.29293e-01 3.39113e+03 3.11708e-01
9.39394e-01 3.24518e+03 1.24338e+02
