0.00000e+00 5.24527e-01 1.67572e+00
1.01010e-02 5.55251e-01 1.68134e+00
2.02020e-02 5.88784e-01 1.68807e+00
3.03030e-02 6.24876e-01 1.69639e+00
4.04040e-02 6.63106e-01 1.70689e+00
5.05051e-02 7.02399e-01 1.72071e+00
6.06061e-02 7.40325e-01 1.74013e+00
7.07071e-02 7.70599e-01 1.77093e+00
8.08081e-02 7.82207e-01 1.82260e+00
9.09091e-02 7.79891e-01 1.88880e+00
1.01010e-01 7.84346e-01 1.94815e+00
1.11111e-01 7.83677e-01 2.01302e+00
1.21212e-01 7.78306e-01 2.08245e+00
1.31313e-01 7.78329e-01 2.14608e+00
1.41414e-01 7.76886e-01 2.21145e+00
1.51515e-01 7.79735e-01 2.27251e+00
1.61616e-01 7.73353e-01 2.34296e+00
1.71717e-01 7.70394e-01 2.40940e+00
1.81818e-01 7.67871e-01 2.47526e+00
1.91919e-01 7.75209e-01 2.53163e+00
2.02020e-01 7.71495e-01 2.59941e+00
2.12121e-01 7.69785e-01 2.66490e+00
2.22222e-01 7.69741e-01 2.72893e+00
2.32323e-01 7.60606e-01 2.80166e+00
2.42424e-01 7.57571e-01 2.86777e+00
2.52525e-01 7.62352e-01 2.92626e+00
2.62626e-01 7.64546e-01 2.98786e+00
2.72727e-01 7.58048e-01 3.05803e+00
2.82828e-01 7.54815e-01 3.12466e+00
2.92929e-01 7.57117e-01 3.18575e+00
3.03030e-01 7.54076e-01 3.25230e+00
3.13131e-01 7.55402e-01 3.31457e+00
3.23232e-01 7.49386e-01 3.38426e+00
3.33333e-01 7.47529e-01 3.44942e+00
3.43434e-01 7.49715e-01 3.51061e+00
3.53535e-01 7.44612e-01 3.57901e+00
3.63636e-01 7.46438e-01 3.64058e+00
3.73737e-01 7.45407e-01 3.70521e+00
3.83838e-01 7.45047e-01 3.76936e+00
3.93939e-01 7.32269e-01 3.84495e+00
4.04040e-01 7.33132e-01 3.90681e+00
4.14141e-01 7.27109e-01 3.97580e+00
4.24242e-01 7.27813e-01 4.03766e+00
4.34343e-01 7.29656e-01 4.09869e+00
4.44444e-01 7.23254e-01 4.16787e+00
4.54545e-01 7.26859e-01 4.22720e+00
4.64646e-01 7.27132e-01 4.29015e+00
4.74747e-01 7.21347e-01 4.35907e+00
4.84848e-01 7.18569e-01 4.42472e+00
4.94949e-01 7.18904e-01 4.48713e+00
5.05051e-01 7.14543e-01 4.55445e+00
5.15152e-01 7.12493e-01 4.61940e+00
5.25253e-01 7.10504e-01 4.68432e+00
5.35354e-01 7.08518e-01 4.74909e+00
5.45455e-01 7.05473e-01 4.81491e+00
5.55556e-01 7.00730e-01 4.88206e+00
5.65657e-01 6.98251e-01 4.94695e+00
5.75758e-01 6.94004e-01 5.01344e+00
5.85859e-01 6.88943e-01 5.08041e+00
5.95960e-01 6.85431e-01 5.14579e+00
6.06061e-01 6.90291e-01 5.20290e+00
6.16162e-01 6.91283e-01 5.26467e+00
6.26263e-01 6.83803e-01 5.33452e+00
6.36364e-01 6.75007e-01 5.40537e+00
6.46465e-01 6.71959e-01 5.46992e+00
6.56566e-01 6.75311e-01 5.52837e+00
6.66667e-01 6.74840e-01 5.59107e+00
6.76768e-01 6.66367e-01 5.66153e+00
6.86869e-01 6.68338e-01 5.72154e+00
6.96970e-01 6.54276e-01 5.79727e+00
7.07071e-01 6.51707e-01 5.86079e+00
7.17172e-01 6.52521e-01 5.92128e+00
7.27273e-01 6.40951e-01 5.99358e+00
7.37374e-01 6.37997e-01 6.05708e+00
7.47475e-01 6.36086e-01 6.11956e+00
7.57576e-01 6.24935e-01 6.19081e+00
7.67677e-01 6.22958e-01 6.25258e+00
7.77778e-01 6.21247e-01 6.31439e+00
7.87879e-01 6.10326e-01 6.38494e+00
7.97980e-01 6.02940e-01 6.45129e+00
8.08081e-01 5.97996e-01 6.51499e+00
8.18182e-01 5.94746e-01 6.57707e+00
8.28283e-01 5.87084e-01 6.64319e+00
8.38384e-01 5.76008e-01 6.71208e+00
8.48485e-01 5.71756e-01 6.77370e+00
8.58586e-01 5.63440e-01 6.83904e+00
8.68687e-01 5.53557e-01 6.90548e+00
8.78788e-01 5.44034e-01 6.97091e+00
8.88889e-01 5.36057e-01 7.03407e+00
8.98990e-01 5.23853e-01 7.10081e+00
9.09091e-01 5.17748e-01 7.16107e+00
9.19192e-01 5.06557e-01 7.22560e+00
9.29293e-01 4.87181e-01 7.29719e+00
9.39394e-01 4.76923e-01 7.35834e+00
9.49495e-01 4.57575e-01 7.42753e+00
9.59596e-01 4.37197e-01 7.49610e+00
9.69697e-01 4.07713e-01 7.57194e+00
9.79798e-01 3.84155e-01 7.64082e+00
9.89899e-01 3.34639e-01 7.73551e+00
1.00000e+00 1.78224e-01 7.92751e+00
