8.48753e-01
9.45944e-01
1.04927e+00
1.15710e+00
1.26784e+00
1.37781e+00
1.47963e+00
1.55841e+00
1.59006e+00
1.58729e+00
1.60070e+00
1.60130e+00
1.58976e+00
1.59113e+00
1.58840e+00
1.59941e+00
1.58663e+00
1.58178e+00
1.57875e+00
1.60109e+00
1.59551e+00
1.59608e+00
1.59876e+00
1.57901e+00
1.57314e+00
1.58881e+00
1.59939e+00
1.58892e+00
1.58409e+00
1.59399e+00
1.59056e+00
1.59702e+00
1.58673e+00
1.58688e+00
1.59535e+00
1.58735e+00
1.59757e+00
1.59991e+00
1.60366e+00
1.57618e+00
1.58228e+00
1.57276e+00
1.58025e+00
1.59050e+00
1.58003e+00
1.59532e+00
1.60119e+00
1.59199e+00
1.59005e+00
1.59489e+00
1.59009e+00
1.59127e+00
1.59175e+00
1.59351e+00
1.59065e+00
1.58546e+00
1.58622e+00
1.58206e+00
1.57690e+00
1.57580e+00
1.59645e+00
1.60698e+00
1.59739e+00
1.58017e+00
1.58127e+00
1.59875e+00
1.60730e+00
1.59505e+00
1.60826e+00
1.58156e+00
1.58438e+00
1.59787e+00
1.58127e+00
1.58562e+00
1.59322e+00
1.57899e+00
1.58694e+00
1.59582e+00
1.58448e+00
1.57929e+00
1.58224e+00
1.59021e+00
1.58815e+00
1.57849e+00
1.58580e+00
1.58562e+00
1.58249e+00
1.58175e+00
1.58644e+00
1.58171e+00
1.59502e+00
1.59836e+00
1.57071e+00
1.54523e+00
1.48501e+00
1.40946e+00
1.28988e+00
1.16568e+00
9.60738e-01
5.62714e-01
