0.00000e+00 0.00000e+00 0.00000e+00
1.01010e-02 4.00694e-01 0.00000e+00
2.02020e-02 1.60277e+00 0.00000e+00
3.03030e-02 3.60624e+00 0.00000e+00
4.04040e-02 6.41110e+00 0.00000e+00
5.05051e-02 1.00173e+01 3.27203e-25
6.06061e-02 1.44250e+01 1.43217e-13
7.07071e-02 1.96340e+01 2.16324e-12
8.08081e-02 2.56444e+01 1.36182e-11
9.09091e-02 3.24562e+01 5.31455e-11
1.01010e-01 4.00694e+01 1.62526e-10
1.11111e-01 4.84839e+01 4.18355e-10
1.21212e-01 5.76999e+01 9.60554e-10
1.31313e-01 6.77172e+01 2.01489e-09
1.41414e-01 7.85360e+01 3.95051e-09
1.51515e-01 9.01561e+01 8.68861e-09
1.61616e-01 1.02578e+02 1.63122e-08
1.71717e-01 1.15800e+02 2.85522e-08
1.81818e-01 1.29825e+02 5.28652e-08
1.91919e-01 1.44650e+02 8.27662e-08
2.02020e-01 1.60277e+02 1.29709e-07
2.12121e-01 1.76706e+02 1.92174e-07
2.22222e-01 1.93936e+02 2.79567e-07
2.32323e-01 2.11967e+02 3.99922e-07
2.42424e-01 2.30800e+02 5.63243e-07
2.52525e-01 2.50434e+02 7.90328e-07
2.62626e-01 2.70869e+02 1.07807e-06
2.72727e-01 2.92106e+02 1.45713e-06
2.82828e-01 3.14144e+02 1.95022e-06
2.92929e-01 3.36983e+02 2.58498e-06
3.03030e-01 3.60624e+02 3.39711e-06
3.13131e-01 3.85067e+02 4.44829e-06
3.23232e-01 4.10310e+02 5.73594e-06
3.33333e-01 4.36355e+02 7.35569e-06
3.43434e-01 4.63202e+02 9.38104e-06
3.53535e-01 4.90850e+02 1.19308e-05
3.63636e-01 5.19299e+02 1.50068e-05
3.73737e-01 5.48550e+02 1.88507e-05
3.83838e-01 5.78602e+02 2.34695e-05
3.93939e-01 6.09455e+02 2.91239e-05
4.04040e-01 6.41110e+02 3.60813e-05
4.14141e-01 6.73566e+02 4.43448e-05
4.24242e-01 7.06824e+02 5.44892e-05
4.34343e-01 7.40883e+02 6.66044e-05
4.44444e-01 7.75743e+02 8.11274e-05
4.54545e-01 8.11405e+02 9.85112e-05
4.64646e-01 8.47868e+02 1.19274e-04
4.74747e-01 8.85132e+02 1.44001e-04
4.84848e-01 9.23198e+02 1.73412e-04
4.94949e-01 9.62065e+02 2.08378e-04
5.05051e-01 1.00173e+03 2.49772e-04
5.15152e-01 1.04220e+03 2.98760e-04
5.25253e-01 1.08348e+03 3.56643e-04
5.35354e-01 1.12555e+03 4.24967e-04
5.45455e-01 1.16842e+03 5.05484e-04
5.55556e-01 1.21210e+03 6.00328e-04
5.65657e-01 1.25657e+03 7.11923e-04
5.75758e-01 1.30185e+03 8.43081e-04
5.85859e-01 1.34793e+03 9.97189e-04
5.95960e-01 1.39481e+03 1.17817e-03
6.06061e-01 1.44250e+03 1.39056e-03
6.16162e-01 1.49098e+03 1.63976e-03
6.26263e-01 1.54026e+03 1.93213e-03
6.36364e-01 1.59035e+03 2.27508e-03
6.46465e-01 1.64124e+03 2.67758e-03
6.56566e-01 1.69293e+03 3.14988e-03
6.66667e-01 1.74542e+03 3.70503e-03
6.76768e-01 1.79871e+03 4.35715e-03
6.86869e-01 1.85280e+03 5.12421e-03
6.96970e-01 1.90770e+03 6.02780e-03
7.07071e-01 1.96339e+03 7.09367e-03
7.17172e-01 2.01989e+03 8.35315e-03
7.27273e-01 2.07718e+03 9.84482e-03
7.37374e-01 2.13528e+03 1.16166e-02
7.47475e-01 2.19418e+03 1.37286e-02
7.57576e-01 2.25388e+03 1.62537e-02
7.67677e-01 2.31438e+03 1.92871e-02
7.77778e-01 2.37569e+03 2.29516e-02
7.87879e-01 2.43779e+03 2.74094e-02
7.97980e-01 2.50069e+03 3.28706e-02
8.08081e-01 2.56439e+03 3.96291e-02
8.18182e-01 2.62889e+03 4.80994e-02
8.28283e-01 2.69420e+03 5.88666e-02
8.38384e-01 2.76029e+03 7.28435e-02
8.48485e-01 2.82719e+03 9.14697e-02
8.58586e-01 2.89488e+03 1.17282e-01
8.68687e-01 2.96335e+03 1.55238e-01
8.78788e-01 3.03261e+03 2.17816e-01
8.88889e-01 3.10256e+03 3.76082e-01
8.98990e-01 3.13261e+03 2.61816e+01
