0.00000e+00 0.00000e+00 0.00000e+00
1.01010e-02 4.00694e-01 0.00000e+00
2.02020e-02 1.60278e+00 0.00000e+00
3.03030e-02 3.60625e+00 0.00000e+00
4.04040e-02 6.41110e+00 0.00000e+00
5.05051e-02 1.00173e+01 1.04240e-13
6.06061e-02 1.44250e+01 1.94986e-11
7.07071e-02 1.96340e+01 3.05951e-10
8.08081e-02 2.56444e+01 1.74491e-09
9.09091e-02 3.24562e+01 6.42511e-09
1.01010e-01 4.00694e+01 1.84781e-08
1.11111e-01 4.84840e+01 4.54667e-08
1.21212e-01 5.76999e+01 9.96701e-08
1.31313e-01 6.77173e+01 2.02177e-07
1.41414e-01 7.85360e+01 3.77770e-07
1.51515e-01 9.01561e+01 6.75538e-07
1.61616e-01 1.02578e+02 1.15282e-06
1.71717e-01 1.15801e+02 1.89103e-06
1.81818e-01 1.29825e+02 3.01164e-06
1.91919e-01 1.44651e+02 4.68453e-06
2.02020e-01 1.60278e+02 7.05809e-06
2.12121e-01 1.76706e+02 1.04682e-05
2.22222e-01 1.93936e+02 1.52146e-05
2.32323e-01 2.11967e+02 2.18203e-05
2.42424e-01 2.30800e+02 3.07172e-05
2.52525e-01 2.50434e+02 4.28309e-05
2.62626e-01 2.70869e+02 5.89457e-05
2.72727e-01 2.92106e+02 8.02832e-05
2.82828e-01 3.14144e+02 1.08963e-04
2.92929e-01 3.36983e+02 1.45321e-04
3.03030e-01 3.60624e+02 1.92762e-04
3.13131e-01 3.85067e+02 2.55673e-04
3.23232e-01 4.10310e+02 3.36011e-04
3.33333e-01 4.36355e+02 4.39865e-04
3.43434e-01 4.63201e+02 5.74560e-04
3.53535e-01 4.90849e+02 7.45878e-04
3.63636e-01 5.19298e+02 9.68644e-04
3.73737e-01 5.48548e+02 1.25785e-03
3.83838e-01 5.78600e+02 1.63407e-03
3.93939e-01 6.09453e+02 2.13155e-03
4.04040e-01 6.41107e+02 2.78940e-03
4.14141e-01 6.73562e+02 3.68089e-03
4.24242e-01 7.06818e+02 4.94520e-03
4.34343e-01 7.40875e+02 6.82503e-03
4.44444e-01 7.75731e+02 9.99146e-03
4.54545e-01 8.11261e+02 1.18145e-01
