0.00000e+00 0.00000e+00 0.00000e+00
1.01010e-02 4.00697e-01 0.00000e+00
2.02020e-02 1.60279e+00 0.00000e+00
3.03030e-02 3.60627e+00 0.00000e+00
4.04040e-02 6.41114e+00 0.00000e+00
5.05051e-02 1.00174e+01 0.00000e+00
6.06061e-02 1.44251e+01 0.00000e+00
7.07071e-02 1.96341e+01 0.00000e+00
8.08081e-02 2.56446e+01 0.00000e+00
9.09091e-02 3.24564e+01 0.00000e+00
1.01010e-01 4.00697e+01 0.00000e+00
1.11111e-01 4.84843e+01 0.00000e+00
1.21212e-01 5.77003e+01 0.00000e+00
1.31313e-01 6.77177e+01 2.33298e-25
1.41414e-01 7.85365e+01 5.83269e-12
1.51515e-01 9.01567e+01 1.24685e-10
