0.00000e+00 0.00000e+00 0.00000e+00
1.01010e-02 4.00695e-01 0.00000e+00
2.02020e-02 1.60278e+00 0.00000e+00
3.03030e-02 3.60626e+00 0.00000e+00
4.04040e-02 6.41112e+00 0.00000e+00
5.05051e-02 1.00174e+01 0.00000e+00
6.06061e-02 1.44250e+01 0.00000e+00
7.07071e-02 1.96341e+01 0.00000e+00
8.08081e-02 2.56445e+01 0.00000e+00
9.09091e-02 3.24563e+01 0.00000e+00
1.01010e-01 4.00695e+01 6.23629e-14
1.11111e-01 4.84841e+01 1.56372e-12
1.21212e-01 5.77001e+01 1.02664e-11
1.31313e-01 6.77175e+01 4.19772e-11
1.41414e-01 7.85362e+01 1.24939e-10
1.51515e-01 9.01564e+01 3.08916e-10
1.61616e-01 1.02578e+02 6.74433e-10
1.71717e-01 1.15801e+02 1.34742e-09
1.81818e-01 1.29825e+02 2.52342e-09
1.91919e-01 1.44651e+02 4.46172e-09
2.02020e-01 1.60278e+02 7.56057e-09
2.12121e-01 1.76707e+02 1.23396e-08
2.22222e-01 1.93936e+02 1.95575e-08
2.32323e-01 2.11968e+02 3.00511e-08
2.42424e-01 2.30800e+02 4.51453e-08
2.52525e-01 2.50434e+02 7.67240e-08
2.62626e-01 2.70870e+02 1.33732e-07
2.72727e-01 2.92107e+02 2.07611e-07
2.82828e-01 3.14145e+02 2.91555e-07
2.92929e-01 3.36985e+02 4.00859e-07
3.03030e-01 3.60626e+02 5.41459e-07
3.13131e-01 3.85068e+02 7.19627e-07
3.23232e-01 4.10312e+02 9.44607e-07
3.33333e-01 4.36357e+02 1.22637e-06
3.43434e-01 4.63204e+02 1.57676e-06
3.53535e-01 4.90852e+02 2.01011e-06
3.63636e-01 5.19301e+02 2.54376e-06
3.73737e-01 5.48552e+02 3.19625e-06
3.83838e-01 5.78604e+02 3.99231e-06
3.93939e-01 6.09457e+02 4.96118e-06
4.04040e-01 6.41112e+02 6.15293e-06
4.14141e-01 6.73568e+02 7.55586e-06
4.24242e-01 7.06826e+02 9.27700e-06
4.34343e-01 7.40885e+02 1.13220e-05
4.44444e-01 7.75746e+02 1.37677e-05
4.54545e-01 8.11408e+02 1.66819e-05
4.64646e-01 8.47871e+02 2.01516e-05
4.74747e-01 8.85135e+02 2.42722e-05
4.84848e-01 9.23201e+02 2.91517e-05
4.94949e-01 9.62069e+02 3.49256e-05
5.05051e-01 1.00174e+03 4.17427e-05
5.15152e-01 1.04221e+03 4.97770e-05
5.25253e-01 1.08348e+03 5.92345e-05
5.35354e-01 1.12555e+03 7.03497e-05
5.45455e-01 1.16843e+03 8.33994e-05
5.55556e-01 1.21210e+03 9.86987e-05
5.65657e-01 1.25658e+03 1.16625e-04
5.75758e-01 1.30186e+03 1.37597e-04
5.85859e-01 1.34794e+03 1.62116e-04
5.95960e-01 1.39482e+03 1.90758e-04
6.06061e-01 1.44250e+03 2.24190e-04
6.16162e-01 1.49099e+03 2.63195e-04
6.26263e-01 1.54027e+03 3.08709e-04
6.36364e-01 1.59036e+03 3.61709e-04
6.46465e-01 1.64125e+03 4.23446e-04
6.56566e-01 1.69294e+03 4.95332e-04
6.66667e-01 1.74543e+03 5.79043e-04
6.76768e-01 1.79872e+03 6.76485e-04
6.86869e-01 1.85281e+03 7.89931e-04
6.96970e-01 1.90771e+03 9.22013e-04
7.07071e-01 1.96340e+03 1.07584e-03
7.17172e-01 2.01990e+03 1.25504e-03
7.27273e-01 2.07720e+03 1.46400e-03
7.37374e-01 2.13530e+03 1.70778e-03
7.47475e-01 2.19420e+03 1.99268e-03
7.57576e-01 2.25391e+03 2.32560e-03
7.67677e-01 2.31441e+03 2.71548e-03
7.77778e-01 2.37572e+03 3.17287e-03
7.87879e-01 2.43782e+03 3.71048e-03
7.97980e-01 2.50073e+03 4.34416e-03
8.08081e-01 2.56444e+03 5.09323e-03
8.18182e-01 2.62895e+03 5.98173e-03
8.28283e-01 2.69427e+03 7.04005e-03
8.38384e-01 2.76038e+03 8.30683e-03
8.48485e-01 2.82729e+03 9.83205e-03
8.58586e-01 2.89501e+03 1.16810e-02
8.68687e-01 2.96352e+03 1.39410e-02
8.78788e-01 3.03284e+03 1.67312e-02
8.88889e-01 3.10296e+03 2.02182e-02
8.98990e-01 3.17388e+03 2.46462e-02
9.09091e-01 3.24560e+03 3.03704e-02
9.19192e-01 3.31811e+03 3.79786e-02
9.29293e-01 3.39143e+03 4.84744e-02
9.39394e-01 3.46554e+03 6.37491e-02
9.49495e-01 3.54044e+03 8.77475e-02
9.59596e-01 3.61613e+03 1.30481e-01
9.69697e-01 3.69256e+03 2.27382e-01
9.79798e-01 3.18880e+03 3.61405e+02
