0.00000e+00 0.00000e+00 0.00000e+00
1.01010e-02 4.00694e-01 0.00000e+00
2.02020e-02 1.60278e+00 0.00000e+00
3.03030e-02 3.60625e+00 0.00000e+00
4.04040e-02 6.41110e+00 0.00000e+00
5.05051e-02 1.00173e+01 8.93863e-26
6.06061e-02 1.44250e+01 1.12350e-23
7.07071e-02 1.96340e+01 7.46635e-14
8.08081e-02 2.56444e+01 4.14233e-13
9.09091e-02 3.24562e+01 1.73141e-12
1.01010e-01 4.00694e+01 5.39372e-12
1.11111e-01 4.84840e+01 1.36772e-11
1.21212e-01 5.76999e+01 3.10552e-11
1.31313e-01 6.77173e+01 6.44397e-11
1.41414e-01 7.85360e+01 1.23732e-10
1.51515e-01 9.01561e+01 2.19778e-10
1.61616e-01 1.02578e+02 3.90162e-10
1.71717e-01 1.15801e+02 6.32571e-10
1.81818e-01 1.29825e+02 1.02091e-09
1.91919e-01 1.44651e+02 1.59712e-09
2.02020e-01 1.60278e+02 2.44707e-09
2.12121e-01 1.76706e+02 3.62387e-09
2.22222e-01 1.93936e+02 5.31372e-09
2.32323e-01 2.11967e+02 7.58696e-09
2.42424e-01 2.30800e+02 1.06783e-08
2.52525e-01 2.50434e+02 1.47773e-08
2.62626e-01 2.70869e+02 2.04964e-08
2.72727e-01 2.92106e+02 2.75573e-08
2.82828e-01 3.14144e+02 3.72878e-08
2.92929e-01 3.36984e+02 4.96853e-08
3.03030e-01 3.60625e+02 6.43888e-08
3.13131e-01 3.85067e+02 8.45564e-08
3.23232e-01 4.10311e+02 1.09673e-07
3.33333e-01 4.36356e+02 1.40802e-07
3.43434e-01 4.63202e+02 1.83979e-07
3.53535e-01 4.90850e+02 2.31211e-07
3.63636e-01 5.19299e+02 2.94999e-07
3.73737e-01 5.48550e+02 3.66088e-07
3.83838e-01 5.78602e+02 4.61560e-07
3.93939e-01 6.09455e+02 5.68299e-07
4.04040e-01 6.41110e+02 7.07687e-07
4.14141e-01 6.73567e+02 8.71510e-07
4.24242e-01 7.06824e+02 1.06058e-06
4.34343e-01 7.40883e+02 1.30020e-06
4.44444e-01 7.75743e+02 1.58605e-06
4.54545e-01 8.11405e+02 1.92421e-06
4.64646e-01 8.47868e+02 2.32622e-06
4.74747e-01 8.85133e+02 2.80469e-06
4.84848e-01 9.23199e+02 3.37217e-06
4.94949e-01 9.62066e+02 4.04626e-06
5.05051e-01 1.00173e+03 4.83592e-06
5.15152e-01 1.04220e+03 5.78566e-06
5.25253e-01 1.08348e+03 6.89256e-06
5.35354e-01 1.12555e+03 8.19556e-06
5.45455e-01 1.16842e+03 9.71814e-06
5.55556e-01 1.21210e+03 1.15216e-05
5.65657e-01 1.25658e+03 1.36252e-05
5.75758e-01 1.30185e+03 1.60985e-05
5.85859e-01 1.34793e+03 1.89775e-05
5.95960e-01 1.39482e+03 2.23151e-05
6.06061e-01 1.44250e+03 2.62502e-05
6.16162e-01 1.49098e+03 3.08829e-05
6.26263e-01 1.54027e+03 3.62093e-05
6.36364e-01 1.59035e+03 4.24249e-05
6.46465e-01 1.64124e+03 4.96689e-05
6.56566e-01 1.69293e+03 5.81406e-05
6.66667e-01 1.74542e+03 6.79373e-05
6.76768e-01 1.79872e+03 7.93104e-05
6.86869e-01 1.85281e+03 9.26665e-05
6.96970e-01 1.90770e+03 1.08107e-04
7.07071e-01 1.96340e+03 1.26036e-04
7.17172e-01 2.01990e+03 1.47019e-04
7.27273e-01 2.07720e+03 1.71296e-04
7.37374e-01 2.13530e+03 1.99646e-04
7.47475e-01 2.19420e+03 2.32648e-04
7.57576e-01 2.25390e+03 2.71155e-04
7.67677e-01 2.31441e+03 3.15992e-04
7.77778e-01 2.37571e+03 3.68865e-04
7.87879e-01 2.43782e+03 4.30359e-04
7.97980e-01 2.50073e+03 5.03033e-04
8.08081e-01 2.56444e+03 5.88026e-04
8.18182e-01 2.62895e+03 6.89154e-04
8.28283e-01 2.69427e+03 8.08372e-04
8.38384e-01 2.76038e+03 9.50529e-04
8.48485e-01 2.82730e+03 1.12086e-03
8.58586e-01 2.89501e+03 1.32602e-03
8.68687e-01 2.96353e+03 1.57434e-03
8.78788e-01 3.03285e+03 1.87726e-03
8.88889e-01 3.10297e+03 2.25313e-03
8.98990e-01 3.17389e+03 2.72243e-03
9.09091e-01 3.24562e+03 3.31767e-03
9.19192e-01 3.31814e+03 4.09136e-03
9.29293e-01 3.39147e+03 5.12233e-03
9.39394e-01 3.46559e+03 6.54881e-03
9.49495e-01 3.54052e+03 8.62534e-03
9.59596e-01 3.61625e+03 1.18873e-02
9.69697e-01 3.69278e+03 1.76257e-02
9.79798e-01 3.77010e+03 2.99620e-02
9.89899e-01 3.84819e+03 7.23853e-02
1.00000e+00 1.39222e+03 1.45151e+03
