0.00000e+00 0.00000e+00
1.00000e+00 1.00000e+00
1.00010e+00 1.00010e+00
1.00812e+00 9.96380e-01
1.01613e+00 9.92630e-01
1.02415e+00 9.88882e-01
1.03216e+00 9.85130e-01
1.04018e+00 9.81386e-01
1.04819e+00 9.77637e-01
1.05621e+00 9.73899e-01
1.06423e+00 9.70153e-01
1.07224e+00 9.66408e-01
1.08026e+00 9.62664e-01
1.08827e+00 9.58912e-01
1.09629e+00 9.55169e-01
1.10431e+00 9.51427e-01
1.11232e+00 9.47677e-01
1.12034e+00 9.43936e-01
1.12835e+00 9.40196e-01
1.13637e+00 9.36447e-01
1.14438e+00 9.32707e-01
1.15240e+00 9.28959e-01
1.16042e+00 9.25220e-01
1.16843e+00 9.21473e-01
1.17645e+00 9.17726e-01
1.18446e+00 9.13987e-01
1.19248e+00 9.10240e-01
1.20050e+00 9.06502e-01
1.20851e+00 9.02756e-01
1.21653e+00 8.99010e-01
1.22454e+00 8.95272e-01
1.23256e+00 8.91526e-01
1.24057e+00 8.87780e-01
1.24859e+00 8.84035e-01
1.25661e+00 8.80297e-01
1.26462e+00 8.76552e-01
1.27264e+00 8.72807e-01
1.28065e+00 8.69062e-01
1.28867e+00 8.65325e-01
1.29669e+00 8.61580e-01
1.30470e+00 8.57835e-01
1.31272e+00 8.54091e-01
1.32073e+00 8.50346e-01
1.32875e+00 8.46609e-01
1.33676e+00 8.42865e-01
1.34478e+00 8.39120e-01
1.35280e+00 8.35376e-01
1.36081e+00 8.31632e-01
1.36883e+00 8.27895e-01
1.37684e+00 8.24151e-01
1.38486e+00 8.20407e-01
1.39288e+00 8.16663e-01
1.40089e+00 8.12919e-01
1.40891e+00 8.09175e-01
1.41692e+00 8.05431e-01
1.42494e+00 8.01687e-01
1.43295e+00 7.97950e-01
1.44097e+00 7.94207e-01
1.44899e+00 7.90463e-01
1.45700e+00 7.86719e-01
1.46502e+00 7.82975e-01
1.47303e+00 7.79232e-01
1.48105e+00 7.75488e-01
1.48907e+00 7.71745e-01
1.49708e+00 7.68008e-01
1.50510e+00 7.64265e-01
1.51311e+00 7.60521e-01
1.52113e+00 7.56778e-01
1.52914e+00 7.53034e-01
1.53716e+00 7.49291e-01
1.54518e+00 7.45547e-01
1.55319e+00 7.41804e-01
1.56121e+00 7.38061e-01
1.56922e+00 7.34317e-01
1.57724e+00 7.30574e-01
1.58526e+00 7.26831e-01
1.59327e+00 7.23095e-01
1.60129e+00 7.19351e-01
1.60930e+00 7.15608e-01
1.61732e+00 7.11865e-01
1.62533e+00 7.08122e-01
1.63335e+00 7.04378e-01
1.64137e+00 7.00635e-01
1.64938e+00 6.96892e-01
1.65740e+00 6.93149e-01
1.66541e+00 6.89406e-01
1.67343e+00 6.85663e-01
1.68145e+00 6.81920e-01
1.68946e+00 6.78177e-01
1.69748e+00 6.74434e-01
1.70549e+00 6.70691e-01
1.71351e+00 6.66948e-01
1.72152e+00 6.63205e-01
1.72954e+00 6.59462e-01
1.73756e+00 6.55726e-01
1.74557e+00 6.51983e-01
1.75359e+00 6.48240e-01
1.76160e+00 6.44497e-01
1.76962e+00 6.40754e-01
1.77764e+00 6.37012e-01
1.78565e+00 6.33269e-01
1.79367e+00 6.29526e-01
1.80168e+00 6.25783e-01
1.80970e+00 6.22040e-01
1.81771e+00 6.18297e-01
1.82573e+00 6.14555e-01
1.83375e+00 6.10812e-01
1.84176e+00 6.07069e-01
1.84978e+00 6.03327e-01
1.85779e+00 5.99584e-01
1.86581e+00 5.95841e-01
1.87383e+00 5.92099e-01
1.88184e+00 5.88356e-01
1.88986e+00 5.84613e-01
1.89787e+00 5.80871e-01
1.90589e+00 5.77128e-01
1.91390e+00 5.73386e-01
1.92192e+00 5.69643e-01
1.92994e+00 5.65901e-01
1.93795e+00 5.62158e-01
1.94597e+00 5.58416e-01
1.95398e+00 5.54673e-01
1.96200e+00 5.50931e-01
1.97002e+00 5.47188e-01
1.97803e+00 5.43446e-01
1.98605e+00 5.39704e-01
1.99406e+00 5.35961e-01
2.00208e+00 5.32219e-01
2.01009e+00 5.28477e-01
2.01811e+00 5.24735e-01
2.02613e+00 5.20992e-01
2.03414e+00 5.17250e-01
2.04216e+00 5.13508e-01
2.05017e+00 5.09766e-01
2.05819e+00 5.06024e-01
2.06621e+00 5.02282e-01
2.07422e+00 4.98540e-01
2.08224e+00 4.94798e-01
2.09025e+00 4.91056e-01
2.09827e+00 4.87314e-01
2.10628e+00 4.83572e-01
2.11430e+00 4.79830e-01
2.12232e+00 4.76088e-01
2.13033e+00 4.72346e-01
2.13835e+00 4.68605e-01
2.14636e+00 4.64863e-01
2.15438e+00 4.61121e-01
2.16240e+00 4.57380e-01
2.17041e+00 4.53638e-01
2.17843e+00 4.49896e-01
2.18644e+00 4.46155e-01
2.19446e+00 4.42413e-01
2.20247e+00 4.38672e-01
2.21049e+00 4.34931e-01
2.21851e+00 4.31189e-01
2.22652e+00 4.27448e-01
2.23454e+00 4.23707e-01
2.24255e+00 4.19966e-01
2.25057e+00 4.16225e-01
2.25859e+00 4.12484e-01
2.26660e+00 4.08743e-01
2.27462e+00 4.05002e-01
2.28263e+00 4.01261e-01
2.29065e+00 3.97520e-01
2.29866e+00 3.93780e-01
2.30668e+00 3.90039e-01
2.31470e+00 3.86299e-01
2.32271e+00 3.82558e-01
2.33073e+00 3.78818e-01
2.33874e+00 3.75078e-01
2.34676e+00 3.71338e-01
2.35478e+00 3.67597e-01
2.36279e+00 3.63858e-01
2.37081e+00 3.60118e-01
2.37882e+00 3.56378e-01
2.38684e+00 3.52639e-01
2.39485e+00 3.48899e-01
2.40287e+00 3.45151e-01
2.41089e+00 3.41411e-01
2.41890e+00 3.37672e-01
2.42692e+00 3.33933e-01
2.43493e+00 3.30194e-01
2.44295e+00 3.26455e-01
2.45097e+00 3.22717e-01
2.45898e+00 3.18978e-01
2.46700e+00 3.15240e-01
2.47501e+00 3.11502e-01
2.48303e+00 3.07764e-01
2.49104e+00 3.04026e-01
2.49906e+00 3.00289e-01
2.50708e+00 2.96552e-01
2.51509e+00 2.92815e-01
2.52311e+00 2.89069e-01
2.53112e+00 2.85332e-01
2.53914e+00 2.81596e-01
2.54716e+00 2.77860e-01
2.55517e+00 2.74124e-01
2.56319e+00 2.70388e-01
2.57120e+00 2.66653e-01
2.57922e+00 2.62919e-01
2.58723e+00 2.59184e-01
2.59525e+00 2.55450e-01
2.60327e+00 2.51707e-01
2.61128e+00 2.47974e-01
2.61930e+00 2.44241e-01
2.62731e+00 2.40508e-01
2.63533e+00 2.36777e-01
2.64335e+00 2.33045e-01
2.65136e+00 2.29315e-01
2.65938e+00 2.25575e-01
2.66739e+00 2.21845e-01
2.67541e+00 2.18116e-01
2.68342e+00 2.14388e-01
2.69144e+00 2.10661e-01
2.69946e+00 2.06935e-01
2.70747e+00 2.03199e-01
2.71549e+00 1.99474e-01
2.72350e+00 1.95751e-01
2.73152e+00 1.92028e-01
2.73954e+00 1.88307e-01
2.74755e+00 1.84577e-01
2.75557e+00 1.80858e-01
2.76358e+00 1.77141e-01
2.77160e+00 1.73425e-01
2.77961e+00 1.69702e-01
2.78763e+00 1.65990e-01
2.79565e+00 1.62280e-01
2.80366e+00 1.58563e-01
2.81168e+00 1.54857e-01
2.81969e+00 1.51155e-01
2.82771e+00 1.47446e-01
2.83573e+00 1.43749e-01
2.84374e+00 1.40057e-01
2.85176e+00 1.36358e-01
2.85977e+00 1.32674e-01
2.86779e+00 1.28985e-01
2.87580e+00 1.25311e-01
2.88382e+00 1.21644e-01
2.89184e+00 1.17973e-01
2.89985e+00 1.14319e-01
2.90787e+00 1.10665e-01
2.91588e+00 1.07030e-01
2.92390e+00 1.03396e-01
2.93192e+00 9.97741e-02
2.93993e+00 9.61762e-02
2.94795e+00 9.25847e-02
2.95596e+00 8.90114e-02
2.96398e+00 8.54688e-02
2.97199e+00 8.19406e-02
2.98001e+00 7.84399e-02
2.98803e+00 7.49810e-02
2.99604e+00 7.15493e-02
3.00406e+00 6.81599e-02
3.01207e+00 6.48197e-02
3.02009e+00 6.15456e-02
3.02811e+00 5.83273e-02
3.03612e+00 5.51929e-02
3.04414e+00 5.21337e-02
3.05215e+00 4.91796e-02
3.06017e+00 4.63325e-02
3.06818e+00 4.36030e-02
3.07620e+00 4.09918e-02
3.08422e+00 3.85248e-02
3.09223e+00 3.62074e-02
3.10025e+00 3.40270e-02
3.10826e+00 3.20005e-02
3.11628e+00 3.01186e-02
3.12430e+00 2.83765e-02
3.13231e+00 2.67762e-02
3.14033e+00 2.52952e-02
3.14834e+00 2.39330e-02
3.15636e+00 2.26898e-02
3.16437e+00 2.15428e-02
3.17239e+00 2.04988e-02
3.18041e+00 1.95355e-02
3.18842e+00 1.86524e-02
3.19644e+00 1.78505e-02
3.20445e+00 1.71083e-02
3.21247e+00 1.64261e-02
3.22049e+00 1.57984e-02
3.22850e+00 1.52281e-02
3.23652e+00 1.46866e-02
3.24453e+00 1.42002e-02
3.25255e+00 1.37345e-02
3.26056e+00 1.33083e-02
3.26858e+00 1.29123e-02
3.27660e+00 1.25344e-02
3.28461e+00 1.21883e-02
3.29263e+00 1.18566e-02
3.30064e+00 1.15523e-02
3.30866e+00 1.12587e-02
3.31267e+00 1.09895e-02
