0.00000e+00 0.00000e+00 0.00000e+00
1.01010e-02 4.00694e-01 0.00000e+00
2.02020e-02 1.60277e+00 0.00000e+00
3.03030e-02 3.60624e+00 0.00000e+00
4.04040e-02 6.41110e+00 0.00000e+00
5.05051e-02 1.00173e+01 8.00095e-24
6.06061e-02 1.44250e+01 2.62617e-12
7.07071e-02 1.96340e+01 3.80410e-11
8.08081e-02 2.56444e+01 2.22807e-10
9.09091e-02 3.24562e+01 1.14779e-09
1.01010e-01 4.00694e+01 4.40399e-09
1.11111e-01 4.84839e+01 1.12711e-08
1.21212e-01 5.76999e+01 2.51787e-08
1.31313e-01 6.77172e+01 5.09555e-08
1.41414e-01 7.85360e+01 9.69848e-08
1.51515e-01 9.01561e+01 1.74024e-07
1.61616e-01 1.02578e+02 2.97207e-07
1.71717e-01 1.15800e+02 4.90809e-07
1.81818e-01 1.29825e+02 7.82972e-07
1.91919e-01 1.44650e+02 1.21261e-06
2.02020e-01 1.60277e+02 1.83685e-06
2.12121e-01 1.76706e+02 2.72091e-06
2.22222e-01 1.93936e+02 3.95278e-06
2.32323e-01 2.11967e+02 5.64575e-06
2.42424e-01 2.30800e+02 7.94155e-06
2.52525e-01 2.50434e+02 1.10182e-05
2.62626e-01 2.70869e+02 1.51013e-05
2.72727e-01 2.92106e+02 2.04603e-05
2.82828e-01 3.14144e+02 2.74412e-05
2.92929e-01 3.36983e+02 3.64565e-05
3.03030e-01 3.60624e+02 4.80251e-05
3.13131e-01 3.85067e+02 6.27615e-05
3.23232e-01 4.10310e+02 8.14387e-05
3.33333e-01 4.36355e+02 1.04966e-04
3.43434e-01 4.63202e+02 1.34484e-04
3.53535e-01 4.90850e+02 1.71335e-04
3.63636e-01 5.19299e+02 2.17202e-04
3.73737e-01 5.48549e+02 2.74067e-04
3.83838e-01 5.78601e+02 3.44336e-04
3.93939e-01 6.09455e+02 4.30938e-04
4.04040e-01 6.41109e+02 5.37590e-04
4.14141e-01 6.73565e+02 6.68528e-04
4.24242e-01 7.06823e+02 8.29098e-04
4.34343e-01 7.40881e+02 1.02593e-03
4.44444e-01 7.75741e+02 1.26696e-03
4.54545e-01 8.11403e+02 1.56225e-03
4.64646e-01 8.47865e+02 1.92454e-03
4.74747e-01 8.85129e+02 2.36915e-03
4.84848e-01 9.23195e+02 2.91619e-03
4.94949e-01 9.62061e+02 3.59139e-03
5.05051e-01 1.00173e+03 4.42817e-03
5.15152e-01 1.04220e+03 5.47101e-03
5.25253e-01 1.08347e+03 6.78048e-03
5.35354e-01 1.12554e+03 8.44223e-03
5.45455e-01 1.16841e+03 1.05801e-02
5.55556e-01 1.21208e+03 1.33866e-02
5.65657e-01 1.25655e+03 1.71813e-02
5.75758e-01 1.30183e+03 2.25688e-02
5.85859e-01 1.34790e+03 3.09682e-02
5.95960e-01 1.39476e+03 4.84960e-02
6.06061e-01 1.44168e+03 6.11235e-01
