0.00000e+00 0.00000e+00 0.00000e+00
1.01010e-02 4.00699e-01 0.00000e+00
2.02020e-02 1.60280e+00 0.00000e+00
3.03030e-02 3.60629e+00 0.00000e+00
4.04040e-02 6.41119e+00 0.00000e+00
5.05051e-02 1.00175e+01 0.00000e+00
6.06061e-02 1.44252e+01 0.00000e+00
7.07071e-02 1.96343e+01 0.00000e+00
8.08081e-02 2.56448e+01 0.00000e+00
9.09091e-02 3.24566e+01 0.00000e+00
1.01010e-01 4.00699e+01 0.00000e+00
1.11111e-01 4.84846e+01 0.00000e+00
1.21212e-01 5.77007e+01 0.00000e+00
1.31313e-01 6.77182e+01 0.00000e+00
1.41414e-01 7.85371e+01 0.00000e+00
1.51515e-01 9.01573e+01 0.00000e+00
1.61616e-01 1.02579e+02 0.00000e+00
1.71717e-01 1.15802e+02 0.00000e+00
1.81818e-01 1.29827e+02 0.00000e+00
1.91919e-01 1.44652e+02 0.00000e+00
2.02020e-01 1.60280e+02 5.81435e-21
2.12121e-01 1.76708e+02 1.89784e-08
2.22222e-01 1.93938e+02 2.97420e-07
2.32323e-01 2.11970e+02 1.62811e-06
2.42424e-01 2.30803e+02 5.65181e-06
2.52525e-01 2.50437e+02 1.52085e-05
2.62626e-01 2.70873e+02 3.48370e-05
2.72727e-01 2.92110e+02 7.15830e-05
2.82828e-01 3.14148e+02 1.36375e-04
2.92929e-01 3.36988e+02 2.46584e-04
3.03030e-01 3.60629e+02 4.31538e-04
3.13131e-01 3.85071e+02 7.45761e-04
3.23232e-01 4.10315e+02 1.31307e-03
3.33333e-01 4.36359e+02 2.59606e-03
3.43434e-01 4.63166e+02 3.31237e-02
