0.00000e+00 0.00000e+00 0.00000e+00
1.01010e-02 4.00694e-01 0.00000e+00
2.02020e-02 1.60277e+00 0.00000e+00
3.03030e-02 3.60624e+00 0.00000e+00
4.04040e-02 6.41110e+00 0.00000e+00
5.05051e-02 1.00173e+01 2.16241e-24
6.06061e-02 1.44250e+01 7.39500e-13
7.07071e-02 1.96340e+01 1.03887e-11
8.08081e-02 2.56444e+01 6.02185e-11
9.09091e-02 3.24562e+01 2.33349e-10
1.01010e-01 4.00694e+01 7.13162e-10
1.11111e-01 4.84839e+01 2.28020e-09
1.21212e-01 5.76999e+01 5.46355e-09
1.31313e-01 6.77172e+01 1.34968e-08
1.41414e-01 7.85360e+01 2.52609e-08
1.51515e-01 9.01561e+01 4.50911e-08
1.61616e-01 1.02578e+02 7.98201e-08
1.71717e-01 1.15800e+02 1.30205e-07
1.81818e-01 1.29825e+02 2.09535e-07
1.91919e-01 1.44650e+02 3.25857e-07
2.02020e-01 1.60277e+02 4.89924e-07
2.12121e-01 1.76706e+02 7.29192e-07
2.22222e-01 1.93936e+02 1.06042e-06
2.32323e-01 2.11967e+02 1.50606e-06
2.42424e-01 2.30800e+02 2.12853e-06
2.52525e-01 2.50434e+02 2.93738e-06
2.62626e-01 2.70869e+02 4.03641e-06
2.72727e-01 2.92106e+02 5.45812e-06
2.82828e-01 3.14144e+02 7.30469e-06
2.92929e-01 3.36983e+02 9.68271e-06
3.03030e-01 3.60624e+02 1.27247e-05
3.13131e-01 3.85067e+02 1.65815e-05
3.23232e-01 4.10310e+02 2.14514e-05
3.33333e-01 4.36355e+02 2.75510e-05
3.43434e-01 4.63202e+02 3.51624e-05
3.53535e-01 4.90850e+02 4.46011e-05
3.63636e-01 5.19299e+02 5.62871e-05
3.73737e-01 5.48550e+02 7.06334e-05
3.83838e-01 5.78602e+02 8.82369e-05
3.93939e-01 6.09455e+02 1.09712e-04
4.04040e-01 6.41110e+02 1.35856e-04
4.14141e-01 6.73566e+02 1.67587e-04
4.24242e-01 7.06823e+02 2.05976e-04
4.34343e-01 7.40882e+02 2.52301e-04
4.44444e-01 7.75743e+02 3.08087e-04
4.54545e-01 8.11404e+02 3.75134e-04
4.64646e-01 8.47867e+02 4.55551e-04
4.74747e-01 8.85132e+02 5.51852e-04
4.84848e-01 9.23197e+02 6.67002e-04
4.94949e-01 9.62065e+02 8.04570e-04
5.05051e-01 1.00173e+03 9.68657e-04
5.15152e-01 1.04220e+03 1.16421e-03
5.25253e-01 1.08347e+03 1.39720e-03
5.35354e-01 1.12555e+03 1.67471e-03
5.45455e-01 1.16842e+03 2.00489e-03
5.55556e-01 1.21210e+03 2.39809e-03
5.65657e-01 1.25657e+03 2.86653e-03
5.75758e-01 1.30185e+03 3.42476e-03
5.85859e-01 1.34793e+03 4.09077e-03
5.95960e-01 1.39481e+03 4.88595e-03
6.06061e-01 1.44249e+03 5.83729e-03
6.16162e-01 1.49097e+03 6.97854e-03
6.26263e-01 1.54026e+03 8.35095e-03
6.36364e-01 1.59034e+03 1.00065e-02
6.46465e-01 1.64123e+03 1.20127e-02
6.56566e-01 1.69291e+03 1.44586e-02
6.66667e-01 1.74540e+03 1.74590e-02
6.76768e-01 1.79869e+03 2.11719e-02
6.86869e-01 1.85278e+03 2.58185e-02
6.96970e-01 1.90766e+03 3.17162e-02
7.07071e-01 1.96335e+03 3.93599e-02
7.17172e-01 2.01984e+03 4.95448e-02
7.27273e-01 2.07712e+03 6.37530e-02
7.37374e-01 2.13520e+03 8.52162e-02
7.47475e-01 2.19406e+03 1.24759e-01
7.57576e-01 2.24606e+03 4.82023e+00
