0.00000e+00 0.00000e+00 0.00000e+00
1.01010e-02 4.00694e-01 0.00000e+00
2.02020e-02 1.60278e+00 0.00000e+00
3.03030e-02 3.60625e+00 0.00000e+00
4.04040e-02 6.41110e+00 0.00000e+00
5.05051e-02 1.00173e+01 1.22371e-24
6.06061e-02 1.44250e+01 9.04366e-14
7.07071e-02 1.96340e+01 1.26913e-12
8.08081e-02 2.56444e+01 6.73907e-12
9.09091e-02 3.24562e+01 2.59634e-11
1.01010e-01 4.00694e+01 7.68802e-11
1.11111e-01 4.84840e+01 1.91180e-10
1.21212e-01 5.76999e+01 4.29600e-10
1.31313e-01 6.77173e+01 8.84605e-10
1.41414e-01 7.85360e+01 1.69391e-09
1.51515e-01 9.01561e+01 3.00881e-09
1.61616e-01 1.02578e+02 5.34143e-09
1.71717e-01 1.15801e+02 8.66013e-09
1.81818e-01 1.29825e+02 1.39767e-08
1.91919e-01 1.44651e+02 2.18655e-08
2.02020e-01 1.60278e+02 3.35020e-08
2.12121e-01 1.76706e+02 4.96138e-08
2.22222e-01 1.93936e+02 7.60775e-08
2.32323e-01 2.11967e+02 1.10442e-07
2.42424e-01 2.30800e+02 1.55928e-07
2.52525e-01 2.50434e+02 2.16321e-07
2.62626e-01 2.70869e+02 2.96097e-07
2.72727e-01 2.92106e+02 3.98961e-07
2.82828e-01 3.14144e+02 5.36421e-07
2.92929e-01 3.36984e+02 7.08202e-07
3.03030e-01 3.60625e+02 9.24972e-07
3.13131e-01 3.85067e+02 1.20712e-06
3.23232e-01 4.10311e+02 1.55966e-06
3.33333e-01 4.36356e+02 1.99683e-06
3.43434e-01 4.63202e+02 2.55225e-06
3.53535e-01 4.90850e+02 3.22745e-06
3.63636e-01 5.19299e+02 4.06268e-06
3.73737e-01 5.48550e+02 5.07977e-06
3.83838e-01 5.78602e+02 6.35347e-06
3.93939e-01 6.09455e+02 7.87305e-06
4.04040e-01 6.41110e+02 9.73213e-06
4.14141e-01 6.73567e+02 1.19674e-05
4.24242e-01 7.06824e+02 1.46634e-05
4.34343e-01 7.40883e+02 1.78728e-05
4.44444e-01 7.75743e+02 2.17895e-05
4.54545e-01 8.11405e+02 2.64335e-05
4.64646e-01 8.47868e+02 3.19616e-05
4.74747e-01 8.85133e+02 3.85452e-05
4.84848e-01 9.23199e+02 4.63544e-05
4.94949e-01 9.62066e+02 5.56372e-05
5.05051e-01 1.00173e+03 6.65255e-05
5.15152e-01 1.04220e+03 7.95703e-05
5.25253e-01 1.08348e+03 9.48301e-05
5.35354e-01 1.12555e+03 1.12810e-04
5.45455e-01 1.16842e+03 1.33832e-04
5.55556e-01 1.21210e+03 1.58761e-04
5.65657e-01 1.25658e+03 1.87862e-04
5.75758e-01 1.30185e+03 2.22119e-04
5.85859e-01 1.34793e+03 2.61992e-04
5.95960e-01 1.39482e+03 3.08320e-04
6.06061e-01 1.44250e+03 3.62992e-04
6.16162e-01 1.49098e+03 4.27490e-04
6.26263e-01 1.54027e+03 5.01654e-04
6.36364e-01 1.59035e+03 5.88474e-04
6.46465e-01 1.64124e+03 6.89838e-04
6.56566e-01 1.69293e+03 8.08493e-04
6.66667e-01 1.74542e+03 9.46039e-04
6.76768e-01 1.79871e+03 1.10633e-03
6.86869e-01 1.85281e+03 1.29490e-03
6.96970e-01 1.90770e+03 1.51328e-03
7.07071e-01 1.96340e+03 1.76798e-03
7.17172e-01 2.01990e+03 2.06716e-03
7.27273e-01 2.07719e+03 2.41427e-03
7.37374e-01 2.13529e+03 2.82137e-03
7.47475e-01 2.19420e+03 3.29777e-03
7.57576e-01 2.25390e+03 3.85635e-03
7.67677e-01 2.31440e+03 4.51004e-03
7.77778e-01 2.37571e+03 5.28684e-03
7.87879e-01 2.43781e+03 6.19546e-03
7.97980e-01 2.50072e+03 7.27746e-03
8.08081e-01 2.56443e+03 8.55825e-03
8.18182e-01 2.62894e+03 1.00925e-02
8.28283e-01 2.69425e+03 1.19237e-02
8.38384e-01 2.76036e+03 1.41345e-02
8.48485e-01 2.82728e+03 1.68265e-02
8.58586e-01 2.89499e+03 2.01219e-02
8.68687e-01 2.96350e+03 2.41777e-02
8.78788e-01 3.03282e+03 2.92773e-02
8.88889e-01 3.10293e+03 3.57536e-02
8.98990e-01 3.17385e+03 4.41191e-02
9.09091e-01 3.24556e+03 5.52239e-02
9.19192e-01 3.31807e+03 7.04854e-02
9.29293e-01 3.39137e+03 9.25682e-02
9.39394e-01 3.46546e+03 1.27186e-01
9.49495e-01 3.54032e+03 1.89672e-01
9.59596e-01 3.61589e+03 3.49392e-01
9.69697e-01 3.27290e+03 2.46875e+02
