8.93352e-01
1.00372e+00
1.11839e+00
1.23541e+00
1.34667e+00
1.44527e+00
1.49188e+00
1.48939e+00
1.48170e+00
1.49076e+00
1.48373e+00
1.48230e+00
1.48094e+00
1.48262e+00
1.48365e+00
1.49098e+00
1.48339e+00
1.48148e+00
1.47920e+00
1.48022e+00
1.48295e+00
1.47739e+00
1.47849e+00
1.48557e+00
1.48593e+00
1.48015e+00
1.47980e+00
1.47850e+00
1.48101e+00
1.48072e+00
1.48045e+00
1.47753e+00
1.47690e+00
1.47953e+00
1.47842e+00
1.47844e+00
1.48237e+00
1.47799e+00
1.48191e+00
1.48196e+00
1.48431e+00
1.47927e+00
1.47587e+00
1.47695e+00
1.47886e+00
1.47937e+00
1.48001e+00
1.48063e+00
1.47673e+00
1.47887e+00
1.48048e+00
1.47915e+00
1.48087e+00
1.48582e+00
1.48397e+00
1.48675e+00
1.48424e+00
1.48432e+00
1.47810e+00
1.47383e+00
1.48490e+00
1.48966e+00
1.47601e+00
1.47869e+00
1.48638e+00
1.48348e+00
1.48251e+00
1.48720e+00
1.48744e+00
1.49145e+00
1.48328e+00
1.48711e+00
1.48911e+00
1.48245e+00
1.49005e+00
1.49108e+00
1.48198e+00
1.48970e+00
1.49300e+00
1.48679e+00
1.49286e+00
1.49215e+00
1.49372e+00
1.48405e+00
1.49428e+00
1.49085e+00
1.48764e+00
1.48964e+00
1.48582e+00
1.49240e+00
1.49277e+00
1.49223e+00
1.48845e+00
1.49400e+00
1.49208e+00
1.48763e+00
1.48695e+00
1.48581e+00
1.47275e+00
7.55401e-01
