0.00000e+00 0.00000e+00 0.00000e+00
1.01010e-02 4.00695e-01 0.00000e+00
2.02020e-02 1.60278e+00 0.00000e+00
3.03030e-02 3.60626e+00 0.00000e+00
4.04040e-02 6.41112e+00 0.00000e+00
5.05051e-02 1.00174e+01 0.00000e+00
6.06061e-02 1.44250e+01 0.00000e+00
7.07071e-02 1.96341e+01 0.00000e+00
8.08081e-02 2.56445e+01 0.00000e+00
9.09091e-02 3.24563e+01 0.00000e+00
1.01010e-01 4.00695e+01 5.22729e-11
1.11111e-01 4.84841e+01 2.11292e-09
1.21212e-01 5.77001e+01 1.91719e-08
1.31313e-01 6.77175e+01 7.46567e-08
1.41414e-01 7.85362e+01 2.17154e-07
1.51515e-01 9.01564e+01 5.27036e-07
1.61616e-01 1.02578e+02 1.12890e-06
1.71717e-01 1.15801e+02 2.20685e-06
1.81818e-01 1.29825e+02 4.02446e-06
1.91919e-01 1.44651e+02 6.94909e-06
2.02020e-01 1.60278e+02 1.14837e-05
2.12121e-01 1.76707e+02 1.83082e-05
2.22222e-01 1.93936e+02 2.83309e-05
2.32323e-01 2.11968e+02 4.27615e-05
2.42424e-01 2.30800e+02 6.32035e-05
2.52525e-01 2.50434e+02 9.17789e-05
2.62626e-01 2.70870e+02 1.31308e-04
2.72727e-01 2.92106e+02 1.85564e-04
2.82828e-01 3.14145e+02 2.59621e-04
2.92929e-01 3.36984e+02 3.60428e-04
3.03030e-01 3.60625e+02 4.97627e-04
3.13131e-01 3.85067e+02 6.85007e-04
3.23232e-01 4.10311e+02 9.42882e-04
3.33333e-01 4.36355e+02 1.30290e-03
3.43434e-01 4.63201e+02 1.81766e-03
3.53535e-01 4.90848e+02 2.58625e-03
3.63636e-01 5.19296e+02 3.83777e-03
3.73737e-01 5.48544e+02 6.49231e-03
3.83838e-01 5.78545e+02 4.89361e-02
