0.00000e+00 0.00000e+00 0.00000e+00
1.01010e-02 4.00694e-01 0.00000e+00
2.02020e-02 1.60278e+00 0.00000e+00
3.03030e-02 3.60625e+00 0.00000e+00
4.04040e-02 6.41110e+00 0.00000e+00
5.05051e-02 1.00173e+01 2.35386e-24
6.06061e-02 1.44250e+01 1.84249e-13
7.07071e-02 1.96340e+01 2.37760e-12
8.08081e-02 2.56444e+01 1.28184e-11
9.09091e-02 3.24562e+01 4.95982e-11
1.01010e-01 4.00694e+01 1.46277e-10
1.11111e-01 4.84840e+01 3.62560e-10
1.21212e-01 5.76999e+01 8.17797e-10
1.31313e-01 6.77173e+01 1.69693e-09
1.41414e-01 7.85360e+01 3.25833e-09
1.51515e-01 9.01561e+01 5.78762e-09
1.61616e-01 1.02578e+02 1.02746e-08
1.71717e-01 1.15801e+02 1.66584e-08
1.81818e-01 1.29825e+02 2.89808e-08
1.91919e-01 1.44651e+02 4.61823e-08
2.02020e-01 1.60278e+02 7.01335e-08
2.12121e-01 1.76706e+02 1.03911e-07
2.22222e-01 1.93936e+02 1.50649e-07
2.32323e-01 2.11967e+02 2.15353e-07
2.42424e-01 2.30800e+02 3.01681e-07
2.52525e-01 2.50434e+02 4.17398e-07
2.62626e-01 2.70869e+02 5.70333e-07
2.72727e-01 2.92106e+02 7.68047e-07
2.82828e-01 3.14144e+02 1.03178e-06
2.92929e-01 3.36984e+02 1.36250e-06
3.03030e-01 3.60625e+02 1.77989e-06
3.13131e-01 3.85067e+02 2.32316e-06
3.23232e-01 4.10311e+02 3.00187e-06
3.33333e-01 4.36356e+02 3.84358e-06
3.43434e-01 4.63202e+02 4.91312e-06
3.53535e-01 4.90850e+02 6.21348e-06
3.63636e-01 5.19299e+02 7.82228e-06
3.73737e-01 5.48550e+02 9.78178e-06
3.83838e-01 5.78602e+02 1.22364e-05
3.93939e-01 6.09455e+02 1.51647e-05
4.04040e-01 6.41110e+02 1.87492e-05
4.14141e-01 6.73566e+02 2.30588e-05
4.24242e-01 7.06824e+02 2.82587e-05
4.34343e-01 7.40883e+02 3.44509e-05
4.44444e-01 7.75743e+02 4.20112e-05
4.54545e-01 8.11405e+02 5.09766e-05
4.64646e-01 8.47868e+02 6.16517e-05
4.74747e-01 8.85133e+02 7.43753e-05
4.84848e-01 9.23199e+02 8.94695e-05
4.94949e-01 9.62066e+02 1.07425e-04
5.05051e-01 1.00173e+03 1.28496e-04
5.15152e-01 1.04220e+03 1.53753e-04
5.25253e-01 1.08348e+03 1.83325e-04
5.35354e-01 1.12555e+03 2.18175e-04
5.45455e-01 1.16842e+03 2.58968e-04
5.55556e-01 1.21210e+03 3.07383e-04
5.65657e-01 1.25658e+03 3.63946e-04
5.75758e-01 1.30185e+03 4.30607e-04
5.85859e-01 1.34793e+03 5.08270e-04
5.95960e-01 1.39481e+03 5.98641e-04
6.06061e-01 1.44250e+03 7.05430e-04
6.16162e-01 1.49098e+03 8.31676e-04
6.26263e-01 1.54027e+03 9.76787e-04
6.36364e-01 1.59035e+03 1.14724e-03
6.46465e-01 1.64124e+03 1.34669e-03
6.56566e-01 1.69293e+03 1.58048e-03
6.66667e-01 1.74542e+03 1.85198e-03
6.76768e-01 1.79871e+03 2.16928e-03
6.86869e-01 1.85281e+03 2.54359e-03
6.96970e-01 1.90770e+03 2.97804e-03
7.07071e-01 1.96340e+03 3.48751e-03
7.17172e-01 2.01989e+03 4.08705e-03
7.27273e-01 2.07719e+03 4.78632e-03
7.37374e-01 2.13529e+03 5.60994e-03
7.47475e-01 2.19419e+03 6.57868e-03
7.57576e-01 2.25389e+03 7.72283e-03
7.67677e-01 2.31440e+03 9.06852e-03
7.77778e-01 2.37570e+03 1.06797e-02
7.87879e-01 2.43781e+03 1.25829e-02
7.97980e-01 2.50071e+03 1.48618e-02
8.08081e-01 2.56442e+03 1.76020e-02
8.18182e-01 2.62893e+03 2.09086e-02
8.28283e-01 2.69424e+03 2.49357e-02
8.38384e-01 2.76035e+03 2.98701e-02
8.48485e-01 2.82725e+03 3.59876e-02
8.58586e-01 2.89496e+03 4.36621e-02
8.68687e-01 2.96347e+03 5.34137e-02
8.78788e-01 3.03278e+03 6.61147e-02
8.88889e-01 3.10288e+03 8.29767e-02
8.98990e-01 3.17378e+03 1.06285e-01
9.09091e-01 3.24546e+03 1.40247e-01
9.19192e-01 3.31793e+03 1.95103e-01
9.29293e-01 3.39114e+03 3.07955e-01
9.39394e-01 3.32933e+03 8.31834e+01
