0.00000e+00 0.00000e+00 0.00000e+00
1.01010e-02 4.00694e-01 0.00000e+00
2.02020e-02 1.60278e+00 0.00000e+00
3.03030e-02 3.60625e+00 0.00000e+00
4.04040e-02 6.41110e+00 0.00000e+00
5.05051e-02 1.00173e+01 2.25263e-13
6.06061e-02 1.44250e+01 4.80856e-11
7.07071e-02 1.96340e+01 6.26568e-10
8.08081e-02 2.56444e+01 3.39243e-09
9.09091e-02 3.24562e+01 1.23686e-08
1.01010e-01 4.00694e+01 3.55905e-08
1.11111e-01 4.84840e+01 8.75976e-08
1.21212e-01 5.76999e+01 1.92148e-07
1.31313e-01 6.77173e+01 3.89995e-07
1.41414e-01 7.85360e+01 7.29632e-07
1.51515e-01 9.01561e+01 1.30649e-06
1.61616e-01 1.02578e+02 2.23314e-06
1.71717e-01 1.15801e+02 3.67098e-06
1.81818e-01 1.29825e+02 5.86163e-06
1.91919e-01 1.44651e+02 9.14614e-06
2.02020e-01 1.60278e+02 1.38292e-05
2.12121e-01 1.76706e+02 2.05990e-05
2.22222e-01 1.93936e+02 3.00845e-05
2.32323e-01 2.11967e+02 4.33912e-05
2.42424e-01 2.30800e+02 6.14817e-05
2.52525e-01 2.50434e+02 8.64492e-05
2.62626e-01 2.70869e+02 1.20013e-04
2.72727e-01 2.92106e+02 1.65398e-04
2.82828e-01 3.14144e+02 2.27303e-04
2.92929e-01 3.36983e+02 3.07128e-04
3.03030e-01 3.60624e+02 4.15515e-04
3.13131e-01 3.85066e+02 5.63021e-04
3.23232e-01 4.10310e+02 7.59317e-04
3.33333e-01 4.36354e+02 1.02714e-03
3.43434e-01 4.63200e+02 1.39257e-03
3.53535e-01 4.90848e+02 1.91007e-03
3.63636e-01 5.19296e+02 2.66436e-03
3.73737e-01 5.48545e+02 3.85071e-03
3.83838e-01 5.78595e+02 6.11751e-03
3.93939e-01 6.09388e+02 5.53632e-02
