0.00000e+00 0.00000e+00 0.00000e+00
1.01010e-02 4.00706e-01 0.00000e+00
2.02020e-02 1.60283e+00 0.00000e+00
3.03030e-02 3.60636e+00 0.00000e+00
4.04040e-02 6.41130e+00 0.00000e+00
5.05051e-02 1.00177e+01 0.00000e+00
6.06061e-02 1.44254e+01 0.00000e+00
7.07071e-02 1.96346e+01 0.00000e+00
8.08081e-02 2.56452e+01 0.00000e+00
9.09091e-02 3.24572e+01 0.00000e+00
1.01010e-01 4.00706e+01 0.00000e+00
1.11111e-01 4.84855e+01 0.00000e+00
1.21212e-01 5.77017e+01 0.00000e+00
1.31313e-01 6.77194e+01 0.00000e+00
1.41414e-01 7.85384e+01 0.00000e+00
1.51515e-01 9.01589e+01 0.00000e+00
1.61616e-01 1.02581e+02 0.00000e+00
1.71717e-01 1.15804e+02 0.00000e+00
1.81818e-01 1.29829e+02 0.00000e+00
1.91919e-01 1.44655e+02 0.00000e+00
2.02020e-01 1.60283e+02 0.00000e+00
2.12121e-01 1.76711e+02 0.00000e+00
2.22222e-01 1.93942e+02 0.00000e+00
2.32323e-01 2.11974e+02 0.00000e+00
2.42424e-01 2.30807e+02 0.00000e+00
2.52525e-01 2.50441e+02 0.00000e+00
2.62626e-01 2.70877e+02 0.00000e+00
2.72727e-01 2.92115e+02 0.00000e+00
2.82828e-01 3.14154e+02 0.00000e+00
2.92929e-01 3.36994e+02 0.00000e+00
3.03030e-01 3.60636e+02 0.00000e+00
3.13131e-01 3.85079e+02 0.00000e+00
3.23232e-01 4.10323e+02 0.00000e+00
3.33333e-01 4.36369e+02 0.00000e+00
3.43434e-01 4.63217e+02 1.66410e-09
3.53535e-01 4.90865e+02 4.61393e-08
3.63636e-01 5.19315e+02 4.43724e-07
3.73737e-01 5.48567e+02 1.68992e-06
3.83838e-01 5.78620e+02 4.61942e-06
3.93939e-01 6.09474e+02 1.04575e-05
4.04040e-01 6.41130e+02 2.08059e-05
4.14141e-01 6.73587e+02 3.80314e-05
4.24242e-01 7.06846e+02 6.46945e-05
4.34343e-01 7.40906e+02 1.04260e-04
4.44444e-01 7.75767e+02 1.60902e-04
4.54545e-01 8.11430e+02 2.39706e-04
4.64646e-01 8.47894e+02 3.46832e-04
4.74747e-01 8.85160e+02 4.89552e-04
4.84848e-01 9.23227e+02 6.76871e-04
4.94949e-01 9.62095e+02 9.19244e-04
5.05051e-01 1.00176e+03 1.22975e-03
5.15152e-01 1.04224e+03 1.62370e-03
5.25253e-01 1.08351e+03 2.11998e-03
5.35354e-01 1.12558e+03 2.74150e-03
5.45455e-01 1.16846e+03 3.51657e-03
5.55556e-01 1.21213e+03 4.48011e-03
5.65657e-01 1.25661e+03 5.67659e-03
5.75758e-01 1.30189e+03 7.16095e-03
5.85859e-01 1.34797e+03 9.00529e-03
5.95960e-01 1.39485e+03 1.13046e-02
6.06061e-01 1.44253e+03 1.41838e-02
6.16162e-01 1.49101e+03 1.78155e-02
6.26263e-01 1.54029e+03 2.24475e-02
6.36364e-01 1.59037e+03 2.84442e-02
6.46465e-01 1.64125e+03 3.63833e-02
6.56566e-01 1.69293e+03 4.72508e-02
6.66667e-01 1.74540e+03 6.30019e-02
6.76768e-01 1.79867e+03 8.86401e-02
6.86869e-01 1.85269e+03 1.57161e-01
6.96970e-01 1.90391e+03 2.70571e+00
