7.25662e-01
7.90191e-01
8.54056e-01
9.17818e-01
9.77686e-01
1.02947e+00
1.06298e+00
1.01990e+00
9.59233e-01
9.39649e-01
9.33759e-01
9.38050e-01
9.33300e-01
9.29526e-01
9.25398e-01
9.26835e-01
9.33495e-01
9.31954e-01
9.24898e-01
9.28099e-01
9.21136e-01
9.28154e-01
9.21143e-01
9.19522e-01
9.29165e-01
9.27056e-01
9.18388e-01
9.20896e-01
9.27566e-01
9.26692e-01
9.27436e-01
9.20940e-01
9.23081e-01
9.14558e-01
9.23233e-01
9.20037e-01
9.19075e-01
9.19260e-01
9.23076e-01
9.23195e-01
9.19447e-01
9.09996e-01
9.17742e-01
9.18594e-01
9.15080e-01
9.19260e-01
9.17886e-01
9.17232e-01
9.11282e-01
9.18839e-01
9.17215e-01
9.16984e-01
9.16750e-01
9.11565e-01
9.16604e-01
9.17444e-01
9.15988e-01
9.16782e-01
9.12238e-01
9.10260e-01
9.07537e-01
9.16729e-01
9.14667e-01
9.09154e-01
9.07774e-01
9.17441e-01
9.20008e-01
9.17567e-01
9.19027e-01
9.22253e-01
9.19531e-01
9.17081e-01
9.11552e-01
9.11606e-01
9.14397e-01
9.13391e-01
9.15400e-01
9.07386e-01
9.15659e-01
9.22806e-01
9.18233e-01
9.13515e-01
9.21388e-01
9.14446e-01
9.14952e-01
9.20233e-01
9.18987e-01
9.14160e-01
9.18772e-01
9.17463e-01
9.19172e-01
9.28060e-01
9.22221e-01
9.19967e-01
9.10551e-01
9.09203e-01
9.06723e-01
8.88644e-01
8.54610e-01
7.81920e-01
