0.00000e+00 0.00000e+00 0.00000e+00
1.01010e-02 4.00695e-01 0.00000e+00
2.02020e-02 1.60278e+00 0.00000e+00
3.03030e-02 3.60626e+00 0.00000e+00
4.04040e-02 6.41112e+00 0.00000e+00
5.05051e-02 1.00174e+01 0.00000e+00
6.06061e-02 1.44250e+01 0.00000e+00
7.07071e-02 1.96341e+01 0.00000e+00
8.08081e-02 2.56445e+01 0.00000e+00
9.09091e-02 3.24563e+01 0.00000e+00
1.01010e-01 4.00695e+01 3.28430e-09
1.11111e-01 4.84841e+01 7.83624e-08
1.21212e-01 5.77001e+01 5.21373e-07
1.31313e-01 6.77175e+01 2.08067e-06
1.41414e-01 7.85362e+01 6.34910e-06
1.51515e-01 9.01564e+01 1.66123e-05
1.61616e-01 1.02578e+02 4.01408e-05
1.71717e-01 1.15801e+02 9.71896e-05
1.81818e-01 1.29823e+02 1.85737e-03
