0.00000e+00 0.00000e+00 0.00000e+00
1.01010e-02 4.00694e-01 0.00000e+00
2.02020e-02 1.60277e+00 0.00000e+00
3.03030e-02 3.60624e+00 0.00000e+00
4.04040e-02 6.41110e+00 0.00000e+00
5.05051e-02 1.00173e+01 2.21933e-26
6.06061e-02 1.44250e+01 1.02210e-23
7.07071e-02 1.96340e+01 8.04527e-14
8.08081e-02 2.56444e+01 4.94493e-13
9.09091e-02 3.24562e+01 1.97712e-12
1.01010e-01 4.00694e+01 6.83065e-12
1.11111e-01 4.84839e+01 1.83703e-11
1.21212e-01 5.76999e+01 4.22103e-11
1.31313e-01 6.77172e+01 8.91116e-11
1.41414e-01 7.85360e+01 1.74037e-10
1.51515e-01 9.01561e+01 3.20752e-10
1.61616e-01 1.02578e+02 5.62109e-10
1.71717e-01 1.15800e+02 9.47956e-10
1.81818e-01 1.29825e+02 1.54507e-09
1.91919e-01 1.44650e+02 2.43200e-09
2.02020e-01 1.60277e+02 3.72862e-09
2.12121e-01 1.76706e+02 5.61274e-09
2.22222e-01 1.93936e+02 8.31396e-09
2.32323e-01 2.11967e+02 1.20835e-08
2.42424e-01 2.30800e+02 1.72261e-08
2.52525e-01 2.50434e+02 2.42627e-08
2.62626e-01 2.70869e+02 3.36514e-08
2.72727e-01 2.92106e+02 4.59414e-08
2.82828e-01 3.14144e+02 6.68176e-08
2.92929e-01 3.36983e+02 8.82004e-08
3.03030e-01 3.60624e+02 1.21647e-07
3.13131e-01 3.85067e+02 1.57411e-07
3.23232e-01 4.10310e+02 2.10085e-07
3.33333e-01 4.36355e+02 2.66976e-07
3.43434e-01 4.63202e+02 3.48283e-07
3.53535e-01 4.90850e+02 4.36817e-07
3.63636e-01 5.19299e+02 5.60330e-07
3.73737e-01 5.48550e+02 7.06505e-07
3.83838e-01 5.78602e+02 8.71836e-07
3.93939e-01 6.09455e+02 1.09434e-06
4.04040e-01 6.41110e+02 1.35535e-06
4.14141e-01 6.73566e+02 1.67526e-06
4.24242e-01 7.06824e+02 2.05087e-06
4.34343e-01 7.40883e+02 2.50841e-06
4.44444e-01 7.75743e+02 3.05322e-06
4.54545e-01 8.11405e+02 3.70398e-06
4.64646e-01 8.47868e+02 4.47944e-06
4.74747e-01 8.85132e+02 5.40279e-06
4.84848e-01 9.23198e+02 6.49875e-06
4.94949e-01 9.62066e+02 7.79708e-06
5.05051e-01 1.00173e+03 9.33185e-06
5.15152e-01 1.04220e+03 1.11447e-05
5.25253e-01 1.08348e+03 1.32811e-05
5.35354e-01 1.12555e+03 1.57955e-05
5.45455e-01 1.16842e+03 1.87520e-05
5.55556e-01 1.21210e+03 2.22211e-05
5.65657e-01 1.25658e+03 2.62867e-05
5.75758e-01 1.30185e+03 3.10479e-05
5.85859e-01 1.34793e+03 3.66190e-05
5.95960e-01 1.39481e+03 4.31294e-05
6.06061e-01 1.44250e+03 5.07307e-05
6.16162e-01 1.49098e+03 5.95992e-05
6.26263e-01 1.54027e+03 6.99396e-05
6.36364e-01 1.59035e+03 8.19852e-05
6.46465e-01 1.64124e+03 9.60150e-05
6.56566e-01 1.69293e+03 1.12344e-04
6.66667e-01 1.74542e+03 1.31353e-04
6.76768e-01 1.79871e+03 1.53467e-04
6.86869e-01 1.85281e+03 1.79184e-04
6.96970e-01 1.90770e+03 2.09100e-04
7.07071e-01 1.96340e+03 2.43915e-04
7.17172e-01 2.01990e+03 2.84434e-04
7.27273e-01 2.07720e+03 3.31592e-04
7.37374e-01 2.13530e+03 3.86558e-04
7.47475e-01 2.19420e+03 4.50616e-04
7.57576e-01 2.25390e+03 5.25389e-04
7.67677e-01 2.31441e+03 6.12797e-04
7.77778e-01 2.37571e+03 7.15057e-04
7.87879e-01 2.43782e+03 8.35007e-04
7.97980e-01 2.50073e+03 9.75985e-04
8.08081e-01 2.56444e+03 1.14205e-03
8.18182e-01 2.62895e+03 1.33836e-03
8.28283e-01 2.69426e+03 1.57126e-03
8.38384e-01 2.76038e+03 1.84880e-03
8.48485e-01 2.82729e+03 2.18119e-03
8.58586e-01 2.89501e+03 2.58169e-03
8.68687e-01 2.96353e+03 3.06784e-03
8.78788e-01 3.03285e+03 3.66311e-03
8.88889e-01 3.10297e+03 4.39961e-03
8.98990e-01 3.17389e+03 5.32286e-03
9.09091e-01 3.24561e+03 6.49877e-03
9.19192e-01 3.31814e+03 8.03007e-03
9.29293e-01 3.39146e+03 1.00780e-02
9.39394e-01 3.46559e+03 1.29263e-02
9.49495e-01 3.54051e+03 1.71055e-02
9.59596e-01 3.61623e+03 2.37368e-02
9.69697e-01 3.69275e+03 3.56309e-02
9.79798e-01 3.77006e+03 6.22481e-02
9.89899e-01 3.84809e+03 1.66754e-01
1.00000e+00 1.72083e+03 1.19248e+03
