0.00000e+00 0.00000e+00
1.00000e+00 1.00000e-01
1.00010e+00 9.99986e-02
1.00812e+00 9.69011e-02
1.01613e+00 9.37773e-02
1.02415e+00 9.06542e-02
1.03216e+00 8.75308e-02
1.04018e+00 8.44070e-02
1.04819e+00 8.12836e-02
1.05621e+00 7.81601e-02
1.06423e+00 7.50375e-02
1.07224e+00 7.19135e-02
1.08026e+00 6.87912e-02
1.08827e+00 6.56684e-02
1.09629e+00 6.25452e-02
1.10431e+00 5.94236e-02
1.11232e+00 5.63017e-02
1.12034e+00 5.31794e-02
1.12835e+00 5.00591e-02
1.13637e+00 4.69387e-02
1.14438e+00 4.38197e-02
1.15240e+00 4.07012e-02
1.16042e+00 3.75848e-02
1.16843e+00 3.44712e-02
1.17645e+00 3.13605e-02
1.18446e+00 2.82543e-02
1.19248e+00 2.51563e-02
1.20050e+00 2.20690e-02
1.20851e+00 1.90019e-02
1.21653e+00 1.59708e-02
1.22454e+00 1.30072e-02
1.23256e+00 1.01860e-02
1.24057e+00 7.65687e-03
1.24859e+00 5.64100e-03
1.25661e+00 4.22717e-03
1.26462e+00 3.31177e-03
1.27264e+00 2.69729e-03
1.28065e+00 2.27029e-03
1.28867e+00 1.96472e-03
1.29669e+00 1.73613e-03
1.30470e+00 1.55972e-03
1.31272e+00 1.41822e-03
1.32073e+00 1.30102e-03
1.32875e+00 1.20232e-03
1.33676e+00 1.11707e-03
1.34077e+00 1.04337e-03
