0.00000e+00 0.00000e+00 0.00000e+00
1.01010e-02 4.00694e-01 0.00000e+00
2.02020e-02 1.60277e+00 0.00000e+00
3.03030e-02 3.60624e+00 0.00000e+00
4.04040e-02 6.41110e+00 0.00000e+00
5.05051e-02 1.00173e+01 2.39006e-26
6.06061e-02 1.44250e+01 9.27026e-15
7.07071e-02 1.96340e+01 1.40891e-13
8.08081e-02 2.56444e+01 8.78440e-13
9.09091e-02 3.24562e+01 3.50694e-12
1.01010e-01 4.00694e+01 1.13875e-11
1.11111e-01 4.84839e+01 2.99194e-11
1.21212e-01 5.76999e+01 6.89580e-11
1.31313e-01 6.77172e+01 1.45271e-10
1.41414e-01 7.85360e+01 2.85994e-10
1.51515e-01 9.01561e+01 5.29938e-10
1.61616e-01 1.02578e+02 9.32598e-10
1.71717e-01 1.15800e+02 1.57742e-09
1.81818e-01 1.29825e+02 2.57776e-09
1.91919e-01 1.44650e+02 4.09452e-09
2.02020e-01 1.60277e+02 6.30534e-09
2.12121e-01 1.76706e+02 9.52454e-09
2.22222e-01 1.93936e+02 1.40802e-08
2.32323e-01 2.11967e+02 2.04571e-08
2.42424e-01 2.30800e+02 2.92402e-08
2.52525e-01 2.50434e+02 4.13078e-08
2.62626e-01 2.70869e+02 6.33865e-08
2.72727e-01 2.92106e+02 8.59099e-08
2.82828e-01 3.14144e+02 1.23945e-07
2.92929e-01 3.36983e+02 1.63761e-07
3.03030e-01 3.60624e+02 2.26982e-07
3.13131e-01 3.85067e+02 3.05741e-07
3.23232e-01 4.10310e+02 4.03646e-07
3.33333e-01 4.36355e+02 5.12348e-07
3.43434e-01 4.63202e+02 6.76886e-07
3.53535e-01 4.90850e+02 8.61159e-07
3.63636e-01 5.19299e+02 1.08761e-06
3.73737e-01 5.48550e+02 1.36438e-06
3.83838e-01 5.78602e+02 1.70252e-06
3.93939e-01 6.09455e+02 2.11386e-06
4.04040e-01 6.41110e+02 2.61257e-06
4.14141e-01 6.73566e+02 3.21574e-06
4.24242e-01 7.06824e+02 3.95174e-06
4.34343e-01 7.40883e+02 4.82695e-06
4.44444e-01 7.75743e+02 5.87520e-06
4.54545e-01 8.11405e+02 7.12767e-06
4.64646e-01 8.47868e+02 8.62126e-06
4.74747e-01 8.85132e+02 1.03978e-05
4.84848e-01 9.23198e+02 1.25070e-05
4.94949e-01 9.62066e+02 1.50069e-05
5.05051e-01 1.00173e+03 1.79626e-05
5.15152e-01 1.04220e+03 2.14544e-05
5.25253e-01 1.08348e+03 2.55696e-05
5.35354e-01 1.12555e+03 3.04115e-05
5.45455e-01 1.16842e+03 3.61056e-05
5.55556e-01 1.21210e+03 4.27873e-05
5.65657e-01 1.25658e+03 5.06231e-05
5.75758e-01 1.30185e+03 5.97991e-05
5.85859e-01 1.34793e+03 7.05333e-05
5.95960e-01 1.39481e+03 8.30836e-05
6.06061e-01 1.44250e+03 9.77375e-05
6.16162e-01 1.49098e+03 1.14840e-04
6.26263e-01 1.54027e+03 1.34783e-04
6.36364e-01 1.59035e+03 1.58027e-04
6.46465e-01 1.64124e+03 1.85091e-04
6.56566e-01 1.69293e+03 2.16614e-04
6.66667e-01 1.74542e+03 2.53338e-04
6.76768e-01 1.79871e+03 2.96042e-04
6.86869e-01 1.85281e+03 3.45744e-04
6.96970e-01 1.90770e+03 4.03574e-04
7.07071e-01 1.96340e+03 4.70893e-04
7.17172e-01 2.01990e+03 5.49267e-04
7.27273e-01 2.07720e+03 6.40568e-04
7.37374e-01 2.13530e+03 7.46997e-04
7.47475e-01 2.19420e+03 8.71158e-04
7.57576e-01 2.25390e+03 1.01618e-03
7.67677e-01 2.31441e+03 1.18579e-03
7.77778e-01 2.37571e+03 1.38447e-03
7.87879e-01 2.43782e+03 1.61765e-03
7.97980e-01 2.50073e+03 1.89198e-03
8.08081e-01 2.56444e+03 2.21561e-03
8.18182e-01 2.62895e+03 2.59861e-03
8.28283e-01 2.69426e+03 3.05367e-03
8.38384e-01 2.76037e+03 3.59683e-03
8.48485e-01 2.82729e+03 4.24909e-03
8.58586e-01 2.89501e+03 5.03622e-03
8.68687e-01 2.96352e+03 5.99395e-03
8.78788e-01 3.03284e+03 7.17013e-03
8.88889e-01 3.10296e+03 8.63024e-03
8.98990e-01 3.17388e+03 1.04680e-02
9.09091e-01 3.24560e+03 1.28201e-02
9.19192e-01 3.31813e+03 1.58985e-02
9.29293e-01 3.39145e+03 2.00518e-02
9.39394e-01 3.46557e+03 2.58916e-02
9.49495e-01 3.54049e+03 3.46100e-02
9.59596e-01 3.61621e+03 4.88001e-02
9.69697e-01 3.69271e+03 7.54558e-02
9.79798e-01 3.76998e+03 1.41526e-01
9.89899e-01 2.48887e+03 7.48023e+02
