0.00000e+00 5.40476e-01 1.59081e+00
1.01010e-02 5.69946e-01 1.59830e+00
2.02020e-02 6.01469e-01 1.60750e+00
3.03030e-02 6.34538e-01 1.61905e+00
4.04040e-02 6.68320e-01 1.63382e+00
5.05051e-02 7.01504e-01 1.65301e+00
6.06061e-02 7.32060e-01 1.67837e+00
7.07071e-02 7.56797e-01 1.71254e+00
8.08081e-02 7.72022e-01 1.75836e+00
9.09091e-02 7.77461e-01 1.81504e+00
1.01010e-01 7.78905e-01 1.87607e+00
1.11111e-01 7.78196e-01 1.93938e+00
1.21212e-01 7.78620e-01 2.00158e+00
1.31313e-01 7.78620e-01 2.06433e+00
1.41414e-01 7.78946e-01 2.12685e+00
1.51515e-01 7.78056e-01 2.19066e+00
1.61616e-01 7.76602e-01 2.25499e+00
1.71717e-01 7.75311e-01 2.31912e+00
1.81818e-01 7.75641e-01 2.38168e+00
1.91919e-01 7.74213e-01 2.44604e+00
2.02020e-01 7.74125e-01 2.50906e+00
2.12121e-01 7.72041e-01 2.57409e+00
2.22222e-01 7.71756e-01 2.63729e+00
2.32323e-01 7.70253e-01 2.70176e+00
2.42424e-01 7.67957e-01 2.76691e+00
2.52525e-01 7.66370e-01 2.83125e+00
2.62626e-01 7.66425e-01 2.89402e+00
2.72727e-01 7.64718e-01 2.95859e+00
2.82828e-01 7.62339e-01 3.02370e+00
2.92929e-01 7.60242e-01 3.08846e+00
3.03030e-01 7.58786e-01 3.15248e+00
3.13131e-01 7.58471e-01 3.21542e+00
3.23232e-01 7.56378e-01 3.28015e+00
3.33333e-01 7.56182e-01 3.34300e+00
3.43434e-01 7.54069e-01 3.40777e+00
3.53535e-01 7.52720e-01 3.47172e+00
3.63636e-01 7.50974e-01 3.53606e+00
3.73737e-01 7.49543e-01 3.60005e+00
3.83838e-01 7.47207e-01 3.66493e+00
3.93939e-01 7.45802e-01 3.72881e+00
4.04040e-01 7.44642e-01 3.79246e+00
4.14141e-01 7.44224e-01 3.85544e+00
4.24242e-01 7.41696e-01 3.92054e+00
4.34343e-01 7.39809e-01 3.98490e+00
4.44444e-01 7.38150e-01 4.04902e+00
4.54545e-01 7.35705e-01 4.11389e+00
4.64646e-01 7.33158e-01 4.17875e+00
4.74747e-01 7.31403e-01 4.24274e+00
4.84848e-01 7.30464e-01 4.30597e+00
4.94949e-01 7.27392e-01 4.37129e+00
5.05051e-01 7.25559e-01 4.43529e+00
5.15152e-01 7.23432e-01 4.49956e+00
5.25253e-01 7.21478e-01 4.56361e+00
5.35354e-01 7.19848e-01 4.62736e+00
5.45455e-01 7.16527e-01 4.69272e+00
5.55556e-01 7.14057e-01 4.75713e+00
5.65657e-01 7.11797e-01 4.82128e+00
5.75758e-01 7.08649e-01 4.88624e+00
5.85859e-01 7.06497e-01 4.95013e+00
5.95960e-01 7.04393e-01 5.01398e+00
6.06061e-01 7.02152e-01 5.07794e+00
6.16162e-01 6.99081e-01 5.14267e+00
6.26263e-01 6.96802e-01 5.20654e+00
6.36364e-01 6.94116e-01 5.27080e+00
6.46465e-01 6.90535e-01 5.33585e+00
6.56566e-01 6.86617e-01 5.40107e+00
6.66667e-01 6.82056e-01 5.46674e+00
6.76768e-01 6.78537e-01 5.53121e+00
6.86869e-01 6.74320e-01 5.59623e+00
6.96970e-01 6.70250e-01 5.66097e+00
7.07071e-01 6.66661e-01 5.72505e+00
7.17172e-01 6.62853e-01 5.78924e+00
7.27273e-01 6.60020e-01 5.85239e+00
7.37374e-01 6.55931e-01 5.91671e+00
7.47475e-01 6.51481e-01 5.98124e+00
7.57576e-01 6.46824e-01 6.04578e+00
7.67677e-01 6.42894e-01 6.10944e+00
7.77778e-01 6.38472e-01 6.17347e+00
7.87879e-01 6.31593e-01 6.23968e+00
7.97980e-01 6.24298e-01 6.30585e+00
8.08081e-01 6.19061e-01 6.36964e+00
8.18182e-01 6.13575e-01 6.43349e+00
8.28283e-01 6.06612e-01 6.49847e+00
8.38384e-01 6.00021e-01 6.56270e+00
8.48485e-01 5.92650e-01 6.62732e+00
8.58586e-01 5.84717e-01 6.69207e+00
8.68687e-01 5.76667e-01 6.75639e+00
8.78788e-01 5.68187e-01 6.82067e+00
8.88889e-01 5.57063e-01 6.88682e+00
8.98990e-01 5.46729e-01 6.95145e+00
9.09091e-01 5.35255e-01 7.01641e+00
9.19192e-01 5.21886e-01 7.08224e+00
9.29293e-01 5.08642e-01 7.14688e+00
9.39394e-01 4.94435e-01 7.21135e+00
9.49495e-01 4.78193e-01 7.27662e+00
9.59596e-01 4.58261e-01 7.34414e+00
9.69697e-01 4.33125e-01 7.41517e+00
9.79798e-01 4.00636e-01 7.49189e+00
9.89899e-01 3.47255e-01 7.58743e+00
1.00000e+00 2.79315e-01 7.69220e+00
