0.00000e+00 0.00000e+00 0.00000e+00
1.01010e-02 4.00694e-01 0.00000e+00
2.02020e-02 1.60277e+00 0.00000e+00
3.03030e-02 3.60624e+00 0.00000e+00
4.04040e-02 6.41110e+00 0.00000e+00
5.05051e-02 1.00173e+01 1.65741e-23
6.06061e-02 1.44250e+01 8.41655e-12
7.07071e-02 1.96340e+01 1.71879e-10
8.08081e-02 2.56444e+01 1.01729e-09
9.09091e-02 3.24562e+01 5.64011e-09
1.01010e-01 4.00694e+01 1.67549e-08
1.11111e-01 4.84839e+01 4.20020e-08
1.21212e-01 5.76999e+01 9.33577e-08
1.31313e-01 6.77172e+01 1.89759e-07
1.41414e-01 7.85360e+01 3.59923e-07
1.51515e-01 9.01561e+01 6.45928e-07
1.61616e-01 1.02578e+02 1.10741e-06
1.71717e-01 1.15800e+02 1.82791e-06
1.81818e-01 1.29825e+02 2.92126e-06
1.91919e-01 1.44650e+02 4.54021e-06
2.02020e-01 1.60277e+02 6.88964e-06
2.12121e-01 1.76706e+02 1.02353e-05
2.22222e-01 1.93936e+02 1.49253e-05
2.32323e-01 2.11967e+02 2.14104e-05
2.42424e-01 2.30800e+02 3.02658e-05
2.52525e-01 2.50434e+02 4.22313e-05
2.62626e-01 2.70869e+02 5.82423e-05
2.72727e-01 2.92106e+02 7.94956e-05
2.82828e-01 3.14144e+02 1.07500e-04
2.92929e-01 3.36983e+02 1.44178e-04
3.03030e-01 3.60624e+02 1.91969e-04
3.13131e-01 3.85066e+02 2.53974e-04
3.23232e-01 4.10310e+02 3.34180e-04
3.33333e-01 4.36355e+02 4.37670e-04
3.43434e-01 4.63201e+02 5.71116e-04
3.53535e-01 4.90849e+02 7.43214e-04
3.63636e-01 5.19298e+02 9.65501e-04
3.73737e-01 5.48548e+02 1.25366e-03
3.83838e-01 5.78600e+02 1.62926e-03
3.93939e-01 6.09452e+02 2.12337e-03
4.04040e-01 6.41106e+02 2.78206e-03
4.14141e-01 6.73562e+02 3.67828e-03
4.24242e-01 7.06818e+02 4.93783e-03
4.34343e-01 7.40874e+02 6.81261e-03
4.44444e-01 7.75731e+02 9.97359e-03
4.54545e-01 8.11269e+02 1.12728e-01
