0.00000e+00 5.62396e-01 1.63755e+00
1.01010e-02 6.00289e-01 1.64002e+00
2.02020e-02 6.42533e-01 1.64296e+00
3.03030e-02 6.89000e-01 1.64684e+00
4.04040e-02 7.38699e-01 1.65290e+00
5.05051e-02 7.86211e-01 1.66648e+00
6.06061e-02 7.87775e-01 1.72854e+00
7.07071e-02 7.96248e-01 1.78404e+00
8.08081e-02 7.86382e-01 1.85757e+00
9.09091e-02 7.79436e-01 1.92829e+00
1.01010e-01 7.88148e-01 1.98335e+00
1.11111e-01 7.88141e-01 2.04760e+00
1.21212e-01 7.82975e-01 2.11670e+00
1.31313e-01 7.78483e-01 2.18491e+00
1.41414e-01 7.81193e-01 2.24578e+00
1.51515e-01 7.77868e-01 2.31295e+00
1.61616e-01 7.80294e-01 2.37454e+00
1.71717e-01 7.72653e-01 2.44617e+00
1.81818e-01 7.74693e-01 2.50784e+00
1.91919e-01 7.76941e-01 2.56953e+00
2.02020e-01 7.72082e-01 2.63841e+00
2.12121e-01 7.69358e-01 2.70501e+00
2.22222e-01 7.64689e-01 2.77296e+00
2.32323e-01 7.71082e-01 2.83029e+00
2.42424e-01 7.68622e-01 2.89670e+00
2.52525e-01 7.67332e-01 2.96155e+00
2.62626e-01 7.59035e-01 3.03350e+00
2.72727e-01 7.57170e-01 3.09874e+00
2.82828e-01 7.62137e-01 3.15728e+00
2.92929e-01 7.62314e-01 3.22089e+00
3.03030e-01 7.54746e-01 3.29221e+00
3.13131e-01 7.56778e-01 3.35375e+00
3.23232e-01 7.53738e-01 3.42037e+00
3.33333e-01 7.48820e-01 3.48875e+00
3.43434e-01 7.53105e-01 3.54795e+00
3.53535e-01 7.49228e-01 3.61528e+00
3.63636e-01 7.46525e-01 3.68160e+00
3.73737e-01 7.48406e-01 3.74302e+00
3.83838e-01 7.47984e-01 3.80700e+00
3.93939e-01 7.46941e-01 3.87172e+00
4.04040e-01 7.42758e-01 3.93960e+00
4.14141e-01 7.41175e-01 4.00487e+00
4.24242e-01 7.33597e-01 4.07559e+00
4.34343e-01 7.32461e-01 4.13959e+00
4.44444e-01 7.31141e-01 4.20422e+00
4.54545e-01 7.26151e-01 4.27247e+00
4.64646e-01 7.24429e-01 4.33703e+00
4.74747e-01 7.29872e-01 4.39474e+00
4.84848e-01 7.19885e-01 4.46779e+00
4.94949e-01 7.19260e-01 4.53134e+00
5.05051e-01 7.22504e-01 4.59116e+00
5.15152e-01 7.23627e-01 4.65291e+00
5.25253e-01 7.18291e-01 4.72108e+00
5.35354e-01 7.09899e-01 4.79233e+00
5.45455e-01 7.09171e-01 4.85574e+00
5.55556e-01 7.07797e-01 4.91998e+00
5.65657e-01 7.07432e-01 4.98319e+00
5.75758e-01 7.02015e-01 5.05155e+00
5.85859e-01 7.01746e-01 5.11447e+00
5.95960e-01 6.92633e-01 5.18642e+00
6.06061e-01 6.99390e-01 5.24234e+00
6.16162e-01 6.97836e-01 5.30681e+00
6.26263e-01 6.86279e-01 5.38098e+00
6.36364e-01 6.87168e-01 5.44229e+00
6.46465e-01 6.84514e-01 5.50720e+00
6.56566e-01 6.70828e-01 5.58278e+00
6.66667e-01 6.71087e-01 5.64413e+00
6.76768e-01 6.68006e-01 5.70883e+00
6.86869e-01 6.67080e-01 5.77147e+00
6.96970e-01 6.60687e-01 5.83938e+00
7.07071e-01 6.62264e-01 5.89896e+00
7.17172e-01 6.54179e-01 5.96842e+00
7.27273e-01 6.48230e-01 6.03572e+00
7.37374e-01 6.48624e-01 6.09654e+00
7.47475e-01 6.50045e-01 6.15623e+00
7.57576e-01 6.34571e-01 6.23297e+00
7.67677e-01 6.23527e-01 6.30394e+00
7.77778e-01 6.29685e-01 6.35759e+00
7.87879e-01 6.22234e-01 6.42487e+00
7.97980e-01 6.13252e-01 6.49309e+00
8.08081e-01 6.10683e-01 6.55490e+00
8.18182e-01 6.03284e-01 6.62161e+00
8.28283e-01 5.96868e-01 6.68688e+00
8.38384e-01 5.93141e-01 6.74895e+00
8.48485e-01 5.77589e-01 6.82270e+00
8.58586e-01 5.77637e-01 6.88031e+00
8.68687e-01 5.61144e-01 6.95375e+00
8.78788e-01 5.51776e-01 7.01937e+00
8.88889e-01 5.40779e-01 7.08607e+00
8.98990e-01 5.38589e-01 7.14331e+00
9.09091e-01 5.26610e-01 7.20967e+00
9.19192e-01 5.15468e-01 7.27451e+00
9.29293e-01 4.97032e-01 7.34542e+00
9.39394e-01 4.83951e-01 7.40977e+00
9.49495e-01 4.64339e-01 7.47920e+00
9.59596e-01 4.41607e-01 7.55019e+00
9.69697e-01 4.20433e-01 7.61815e+00
9.79798e-01 3.90431e-01 7.69412e+00
9.89899e-01 3.45920e-01 7.78406e+00
1.00000e+00 1.35696e-01 8.04701e+00
