9.36022e-01
1.05465e+00
1.18236e+00
1.31577e+00
1.45371e+00
1.58179e+00
1.58602e+00
1.61015e+00
1.58679e+00
1.57202e+00
1.59772e+00
1.59722e+00
1.58610e+00
1.58002e+00
1.59198e+00
1.58576e+00
1.59517e+00
1.57592e+00
1.58675e+00
1.59426e+00
1.58523e+00
1.58189e+00
1.57568e+00
1.59721e+00
1.58933e+00
1.59277e+00
1.57425e+00
1.57550e+00
1.59356e+00
1.59562e+00
1.57744e+00
1.59015e+00
1.58587e+00
1.57722e+00
1.59259e+00
1.58978e+00
1.58472e+00
1.59485e+00
1.60030e+00
1.60050e+00
1.59253e+00
1.59372e+00
1.58181e+00
1.58601e+00
1.58634e+00
1.57614e+00
1.57948e+00
1.60052e+00
1.57844e+00
1.58418e+00
1.59953e+00
1.60733e+00
1.60043e+00
1.58536e+00
1.59052e+00
1.59108e+00
1.59573e+00
1.58478e+00
1.59413e+00
1.57733e+00
1.60326e+00
1.60406e+00
1.58060e+00
1.59686e+00
1.59880e+00
1.57300e+00
1.58368e+00
1.58668e+00
1.59233e+00
1.58659e+00
1.59942e+00
1.59042e+00
1.58202e+00
1.59351e+00
1.60995e+00
1.57809e+00
1.56832e+00
1.60190e+00
1.59505e+00
1.58689e+00
1.59546e+00
1.58855e+00
1.58978e+00
1.59976e+00
1.57778e+00
1.59870e+00
1.57854e+00
1.57669e+00
1.57042e+00
1.59280e+00
1.59201e+00
1.59187e+00
1.57834e+00
1.58594e+00
1.58189e+00
1.57724e+00
1.58426e+00
1.58207e+00
1.58492e+00
5.36804e-01
