0.00000e+00 0.00000e+00 0.00000e+00
1.01010e-02 4.00699e-01 0.00000e+00
2.02020e-02 1.60280e+00 0.00000e+00
3.03030e-02 3.60629e+00 0.00000e+00
4.04040e-02 6.41119e+00 0.00000e+00
5.05051e-02 1.00175e+01 0.00000e+00
6.06061e-02 1.44252e+01 0.00000e+00
7.07071e-02 1.96343e+01 0.00000e+00
8.08081e-02 2.56448e+01 0.00000e+00
9.09091e-02 3.24566e+01 0.00000e+00
1.01010e-01 4.00699e+01 0.00000e+00
1.11111e-01 4.84846e+01 0.00000e+00
1.21212e-01 5.77007e+01 0.00000e+00
1.31313e-01 6.77182e+01 0.00000e+00
1.41414e-01 7.85371e+01 0.00000e+00
1.51515e-01 9.01573e+01 0.00000e+00
1.61616e-01 1.02579e+02 0.00000e+00
1.71717e-01 1.15802e+02 0.00000e+00
1.81818e-01 1.29827e+02 0.00000e+00
1.91919e-01 1.44652e+02 0.00000e+00
2.02020e-01 1.60280e+02 4.24717e-22
2.12121e-01 1.76708e+02 5.83966e-10
2.22222e-01 1.93938e+02 1.16772e-08
2.32323e-01 2.11970e+02 1.09833e-07
2.42424e-01 2.30803e+02 4.01469e-07
2.52525e-01 2.50437e+02 1.06605e-06
2.62626e-01 2.70873e+02 2.39468e-06
2.72727e-01 2.92110e+02 4.77902e-06
2.82828e-01 3.14148e+02 8.75120e-06
2.92929e-01 3.36988e+02 1.50031e-05
3.03030e-01 3.60629e+02 2.44225e-05
3.13131e-01 3.85072e+02 3.81294e-05
3.23232e-01 4.10316e+02 5.75207e-05
3.33333e-01 4.36361e+02 8.43249e-05
3.43434e-01 4.63208e+02 1.20677e-04
3.53535e-01 4.90856e+02 1.69181e-04
3.63636e-01 5.19306e+02 2.33050e-04
3.73737e-01 5.48557e+02 3.16198e-04
3.83838e-01 5.78609e+02 4.23435e-04
3.93939e-01 6.09463e+02 5.60688e-04
4.04040e-01 6.41118e+02 7.35173e-04
4.14141e-01 6.73574e+02 9.56037e-04
4.24242e-01 7.06832e+02 1.23444e-03
4.34343e-01 7.40891e+02 1.58458e-03
4.44444e-01 7.75751e+02 2.02443e-03
4.54545e-01 8.11413e+02 2.57709e-03
4.64646e-01 8.47876e+02 3.27300e-03
4.74747e-01 8.85140e+02 4.15219e-03
4.84848e-01 9.23205e+02 5.26915e-03
4.94949e-01 9.62071e+02 6.70121e-03
5.05051e-01 1.00174e+03 8.56036e-03
5.15152e-01 1.04221e+03 1.10201e-02
5.25253e-01 1.08347e+03 1.43688e-02
5.35354e-01 1.12554e+03 1.91515e-02
5.45455e-01 1.16841e+03 2.66521e-02
5.55556e-01 1.21207e+03 4.23509e-02
5.65657e-01 1.25608e+03 4.16234e-01
