0.00000e+00 0.00000e+00 0.00000e+00
1.01010e-02 4.00694e-01 0.00000e+00
2.02020e-02 1.60277e+00 0.00000e+00
3.03030e-02 3.60624e+00 0.00000e+00
4.04040e-02 6.41110e+00 0.00000e+00
5.05051e-02 1.00173e+01 4.59738e-26
6.06061e-02 1.44250e+01 1.78318e-14
7.07071e-02 1.96340e+01 2.89716e-13
8.08081e-02 2.56444e+01 1.72660e-12
9.09091e-02 3.24562e+01 7.19139e-12
1.01010e-01 4.00694e+01 2.24959e-11
1.11111e-01 4.84839e+01 5.82233e-11
1.21212e-01 5.76999e+01 1.34121e-10
1.31313e-01 6.77172e+01 2.82232e-10
1.41414e-01 7.85360e+01 5.54229e-10
1.51515e-01 9.01561e+01 1.02423e-09
1.61616e-01 1.02578e+02 1.79554e-09
1.71717e-01 1.15800e+02 3.03919e-09
1.81818e-01 1.29825e+02 4.96660e-09
1.91919e-01 1.44650e+02 7.88126e-09
2.02020e-01 1.60277e+02 1.21392e-08
2.12121e-01 1.76706e+02 1.83239e-08
2.22222e-01 1.93936e+02 2.70841e-08
2.32323e-01 2.11967e+02 3.93506e-08
2.42424e-01 2.30800e+02 5.62458e-08
2.52525e-01 2.50434e+02 7.94592e-08
2.62626e-01 2.70869e+02 1.30737e-07
2.72727e-01 2.92106e+02 1.75498e-07
2.82828e-01 3.14144e+02 2.48342e-07
2.92929e-01 3.36983e+02 3.40757e-07
3.03030e-01 3.60624e+02 4.58114e-07
3.13131e-01 3.85067e+02 6.06450e-07
3.23232e-01 4.10310e+02 7.91503e-07
3.33333e-01 4.36355e+02 1.02222e-06
3.43434e-01 4.63202e+02 1.30849e-06
3.53535e-01 4.90850e+02 1.66168e-06
3.63636e-01 5.19299e+02 2.09548e-06
3.73737e-01 5.48550e+02 2.62695e-06
3.83838e-01 5.78602e+02 3.27666e-06
3.93939e-01 6.09455e+02 4.06851e-06
4.04040e-01 6.41110e+02 5.02768e-06
4.14141e-01 6.73566e+02 6.18857e-06
4.24242e-01 7.06824e+02 7.60524e-06
4.34343e-01 7.40883e+02 9.29004e-06
4.44444e-01 7.75743e+02 1.13083e-05
4.54545e-01 8.11405e+02 1.37198e-05
4.64646e-01 8.47868e+02 1.65960e-05
4.74747e-01 8.85132e+02 2.00173e-05
4.84848e-01 9.23198e+02 2.40799e-05
4.94949e-01 9.62066e+02 2.88957e-05
5.05051e-01 1.00173e+03 3.45900e-05
5.15152e-01 1.04220e+03 4.13188e-05
5.25253e-01 1.08348e+03 4.92497e-05
5.35354e-01 1.12555e+03 5.85837e-05
5.45455e-01 1.16842e+03 6.95609e-05
5.55556e-01 1.21210e+03 8.24481e-05
5.65657e-01 1.25658e+03 9.75619e-05
5.75758e-01 1.30185e+03 1.15266e-04
5.85859e-01 1.34793e+03 1.35982e-04
5.95960e-01 1.39481e+03 1.60212e-04
6.06061e-01 1.44250e+03 1.88516e-04
6.16162e-01 1.49098e+03 2.21554e-04
6.26263e-01 1.54027e+03 2.60098e-04
6.36364e-01 1.59035e+03 3.05038e-04
6.46465e-01 1.64124e+03 3.57407e-04
6.56566e-01 1.69293e+03 4.18422e-04
6.66667e-01 1.74542e+03 4.89545e-04
6.76768e-01 1.79871e+03 5.72303e-04
6.86869e-01 1.85281e+03 6.68685e-04
6.96970e-01 1.90770e+03 7.80920e-04
7.07071e-01 1.96340e+03 9.11685e-04
7.17172e-01 2.01990e+03 1.06406e-03
7.27273e-01 2.07719e+03 1.24173e-03
7.37374e-01 2.13529e+03 1.44910e-03
7.47475e-01 2.19420e+03 1.69130e-03
7.57576e-01 2.25390e+03 1.97455e-03
7.67677e-01 2.31440e+03 2.30662e-03
7.77778e-01 2.37571e+03 2.69602e-03
7.87879e-01 2.43782e+03 3.15390e-03
7.97980e-01 2.50072e+03 3.69366e-03
8.08081e-01 2.56443e+03 4.33200e-03
8.18182e-01 2.62895e+03 5.08947e-03
8.28283e-01 2.69426e+03 5.99204e-03
8.38384e-01 2.76037e+03 7.07282e-03
8.48485e-01 2.82728e+03 8.37460e-03
8.58586e-01 2.89500e+03 9.95353e-03
8.68687e-01 2.96352e+03 1.18843e-02
8.78788e-01 3.03283e+03 1.42691e-02
8.88889e-01 3.10295e+03 1.72504e-02
8.98990e-01 3.17387e+03 2.10339e-02
9.09091e-01 3.24559e+03 2.59314e-02
9.19192e-01 3.31811e+03 3.24254e-02
9.29293e-01 3.39142e+03 4.13482e-02
9.39394e-01 3.46554e+03 5.42302e-02
9.49495e-01 3.54045e+03 7.42578e-02
9.59596e-01 3.61614e+03 1.09214e-01
9.69697e-01 3.69259e+03 1.85007e-01
9.79798e-01 3.76956e+03 5.42295e-01
9.89899e-01 2.78182e+03 5.83247e+02
