0.00000e+00 0.00000e+00 0.00000e+00
1.01010e-02 4.00701e-01 0.00000e+00
2.02020e-02 1.60280e+00 0.00000e+00
3.03030e-02 3.60631e+00 0.00000e+00
4.04040e-02 6.41121e+00 0.00000e+00
5.05051e-02 1.00175e+01 0.00000e+00
6.06061e-02 1.44252e+01 0.00000e+00
7.07071e-02 1.96343e+01 0.00000e+00
8.08081e-02 2.56448e+01 0.00000e+00
9.09091e-02 3.24568e+01 0.00000e+00
1.01010e-01 4.00701e+01 0.00000e+00
1.11111e-01 4.84848e+01 0.00000e+00
1.21212e-01 5.77009e+01 0.00000e+00
1.31313e-01 6.77184e+01 0.00000e+00
1.41414e-01 7.85373e+01 0.00000e+00
1.51515e-01 9.01577e+01 0.00000e+00
1.61616e-01 1.02579e+02 0.00000e+00
1.71717e-01 1.15803e+02 0.00000e+00
1.81818e-01 1.29827e+02 0.00000e+00
1.91919e-01 1.44653e+02 0.00000e+00
2.02020e-01 1.60280e+02 0.00000e+00
2.12121e-01 1.76709e+02 0.00000e+00
2.22222e-01 1.93939e+02 0.00000e+00
2.32323e-01 2.11971e+02 5.02216e-23
2.42424e-01 2.30804e+02 1.47815e-10
2.52525e-01 2.50438e+02 2.26691e-09
