0.00000e+00 0.00000e+00 0.00000e+00
1.01010e-02 4.00694e-01 0.00000e+00
2.02020e-02 1.60278e+00 0.00000e+00
3.03030e-02 3.60625e+00 0.00000e+00
4.04040e-02 6.41110e+00 0.00000e+00
5.05051e-02 1.00173e+01 4.52776e-24
6.06061e-02 1.44250e+01 3.54410e-13
7.07071e-02 1.96340e+01 4.69579e-12
8.08081e-02 2.56444e+01 2.49347e-11
9.09091e-02 3.24562e+01 9.60649e-11
1.01010e-01 4.00694e+01 2.84458e-10
1.11111e-01 4.84840e+01 7.07370e-10
1.21212e-01 5.76999e+01 1.58953e-09
1.31313e-01 6.77173e+01 3.27307e-09
1.41414e-01 7.85360e+01 6.26758e-09
1.51515e-01 9.01561e+01 1.24107e-08
1.61616e-01 1.02578e+02 2.18614e-08
1.71717e-01 1.15801e+02 3.62528e-08
1.81818e-01 1.29825e+02 5.79556e-08
1.91919e-01 1.44651e+02 9.01607e-08
2.02020e-01 1.60278e+02 1.35714e-07
2.12121e-01 1.76706e+02 2.00535e-07
2.22222e-01 1.93936e+02 2.90452e-07
2.32323e-01 2.11967e+02 4.14718e-07
2.42424e-01 2.30800e+02 5.80705e-07
2.52525e-01 2.50434e+02 8.03281e-07
2.62626e-01 2.70869e+02 1.09744e-06
2.72727e-01 2.92106e+02 1.47807e-06
2.82828e-01 3.14144e+02 1.98621e-06
2.92929e-01 3.36984e+02 2.62342e-06
3.03030e-01 3.60625e+02 3.42701e-06
3.13131e-01 3.85067e+02 4.48214e-06
3.23232e-01 4.10311e+02 5.78433e-06
3.33333e-01 4.36356e+02 7.41430e-06
3.43434e-01 4.63202e+02 9.47090e-06
3.53535e-01 4.90850e+02 1.19739e-05
3.63636e-01 5.19299e+02 1.50909e-05
3.73737e-01 5.48550e+02 1.88669e-05
3.83838e-01 5.78602e+02 2.35947e-05
3.93939e-01 6.09455e+02 2.92472e-05
4.04040e-01 6.41110e+02 3.61744e-05
4.14141e-01 6.73566e+02 4.45280e-05
4.24242e-01 7.06824e+02 5.45948e-05
4.34343e-01 7.40883e+02 6.65385e-05
4.44444e-01 7.75743e+02 8.11743e-05
4.54545e-01 8.11405e+02 9.85407e-05
4.64646e-01 8.47868e+02 1.19237e-04
4.74747e-01 8.85133e+02 1.43931e-04
4.84848e-01 9.23199e+02 1.73244e-04
4.94949e-01 9.62066e+02 2.08160e-04
5.05051e-01 1.00173e+03 2.49183e-04
5.15152e-01 1.04220e+03 2.98413e-04
5.25253e-01 1.08348e+03 3.56105e-04
5.35354e-01 1.12555e+03 4.24179e-04
5.45455e-01 1.16842e+03 5.03984e-04
5.55556e-01 1.21210e+03 5.98943e-04
5.65657e-01 1.25658e+03 7.10004e-04
5.75758e-01 1.30185e+03 8.41216e-04
5.85859e-01 1.34793e+03 9.94053e-04
5.95960e-01 1.39481e+03 1.17279e-03
6.06061e-01 1.44250e+03 1.38433e-03
6.16162e-01 1.49098e+03 1.63562e-03
6.26263e-01 1.54027e+03 1.92448e-03
6.36364e-01 1.59035e+03 2.26563e-03
6.46465e-01 1.64124e+03 2.66673e-03
6.56566e-01 1.69293e+03 3.13856e-03
6.66667e-01 1.74542e+03 3.68911e-03
6.76768e-01 1.79871e+03 4.33627e-03
6.86869e-01 1.85280e+03 5.10384e-03
6.96970e-01 1.90770e+03 5.99990e-03
7.07071e-01 1.96339e+03 7.06184e-03
7.17172e-01 2.01989e+03 8.31715e-03
7.27273e-01 2.07719e+03 9.79961e-03
7.37374e-01 2.13528e+03 1.15619e-02
7.47475e-01 2.19418e+03 1.36567e-02
7.57576e-01 2.25388e+03 1.61696e-02
7.67677e-01 2.31438e+03 1.91836e-02
7.77778e-01 2.37569e+03 2.28219e-02
7.87879e-01 2.43779e+03 2.72501e-02
7.97980e-01 2.50069e+03 3.26660e-02
8.08081e-01 2.56439e+03 3.93976e-02
8.18182e-01 2.62890e+03 4.77759e-02
8.28283e-01 2.69420e+03 5.84708e-02
8.38384e-01 2.76030e+03 7.23436e-02
8.48485e-01 2.82719e+03 9.07830e-02
8.58586e-01 2.89488e+03 1.16360e-01
8.68687e-01 2.96336e+03 1.53808e-01
8.78788e-01 3.03261e+03 2.15468e-01
8.88889e-01 3.10257e+03 3.67363e-01
8.98990e-01 3.09954e+03 4.23584e+01
