6.81550e-02
7.69447e-02
8.73210e-02
9.83314e-02
1.10385e-01
1.52153e-01
1.62887e-01
1.76564e-01
1.83564e-01
1.86543e-01
1.87348e-01
1.88232e-01
1.88174e-01
1.89999e-01
1.90382e-01
1.90412e-01
1.89646e-01
1.89131e-01
1.89402e-01
1.91150e-01
1.89855e-01
1.90335e-01
1.88836e-01
1.87636e-01
1.89860e-01
1.88797e-01
1.89629e-01
1.88751e-01
1.88312e-01
1.89898e-01
1.88163e-01
1.88170e-01
1.88450e-01
1.88357e-01
1.89387e-01
1.89128e-01
1.88678e-01
1.88317e-01
1.88425e-01
1.89646e-01
1.89320e-01
1.89090e-01
1.90273e-01
1.87666e-01
1.90178e-01
1.90877e-01
1.90074e-01
1.90513e-01
1.89547e-01
1.89441e-01
1.88831e-01
1.91224e-01
1.89425e-01
1.90556e-01
1.90958e-01
1.89093e-01
1.90709e-01
1.89923e-01
1.89650e-01
1.88324e-01
1.90158e-01
1.89487e-01
1.90159e-01
1.89066e-01
1.89755e-01
1.91128e-01
1.89836e-01
1.90043e-01
1.88047e-01
1.89286e-01
1.89174e-01
1.89493e-01
1.88842e-01
1.88541e-01
1.86956e-01
1.90385e-01
1.90000e-01
1.89279e-01
1.75967e-01
1.50128e-01
2.89930e-02
2.88438e-02
2.91281e-02
2.94576e-02
2.87658e-02
2.86435e-02
2.84621e-02
2.86345e-02
2.88449e-02
2.93086e-02
2.90136e-02
2.93696e-02
2.90598e-02
2.92369e-02
2.95337e-02
2.89744e-02
3.03432e-02
3.07853e-02
3.21772e-02
3.51743e-02
