0.00000e+00 0.00000e+00 0.00000e+00
1.01010e-02 4.00694e-01 0.00000e+00
2.02020e-02 1.60277e+00 0.00000e+00
3.03030e-02 3.60624e+00 0.00000e+00
4.04040e-02 6.41110e+00 0.00000e+00
5.05051e-02 1.00173e+01 1.15377e-26
6.06061e-02 1.44250e+01 5.31362e-24
7.07071e-02 1.96340e+01 4.18252e-14
8.08081e-02 2.56444e+01 2.42500e-13
9.09091e-02 3.24562e+01 1.00607e-12
1.01010e-01 4.00694e+01 3.51735e-12
1.11111e-01 4.84839e+01 9.50135e-12
1.21212e-01 5.76999e+01 2.18877e-11
1.31313e-01 6.77172e+01 4.63702e-11
1.41414e-01 7.85360e+01 9.06033e-11
1.51515e-01 9.01561e+01 1.66950e-10
1.61616e-01 1.02578e+02 2.92329e-10
1.71717e-01 1.15800e+02 4.92924e-10
1.81818e-01 1.29825e+02 8.03535e-10
1.91919e-01 1.44650e+02 1.26411e-09
2.02020e-01 1.60277e+02 1.93790e-09
2.12121e-01 1.76706e+02 2.91791e-09
2.22222e-01 1.93936e+02 4.32220e-09
2.32323e-01 2.11967e+02 6.28188e-09
2.42424e-01 2.30800e+02 8.95533e-09
2.52525e-01 2.50434e+02 1.26134e-08
2.62626e-01 2.70869e+02 1.74943e-08
2.72727e-01 2.92106e+02 2.38835e-08
2.82828e-01 3.14144e+02 3.47363e-08
2.92929e-01 3.36983e+02 4.58524e-08
3.03030e-01 3.60624e+02 6.32400e-08
3.13131e-01 3.85067e+02 8.18320e-08
3.23232e-01 4.10310e+02 1.09215e-07
3.33333e-01 4.36355e+02 1.38790e-07
3.43434e-01 4.63202e+02 1.81057e-07
3.53535e-01 4.90850e+02 2.27080e-07
3.63636e-01 5.19299e+02 2.91287e-07
3.73737e-01 5.48550e+02 3.67273e-07
3.83838e-01 5.78602e+02 4.53216e-07
3.93939e-01 6.09455e+02 5.68878e-07
4.04040e-01 6.41110e+02 7.04554e-07
4.14141e-01 6.73566e+02 8.68458e-07
4.24242e-01 7.06824e+02 1.06492e-06
4.34343e-01 7.40883e+02 1.30076e-06
4.44444e-01 7.75743e+02 1.58363e-06
4.54545e-01 8.11405e+02 1.92129e-06
4.64646e-01 8.47868e+02 2.32358e-06
4.74747e-01 8.85132e+02 2.80278e-06
4.84848e-01 9.23198e+02 3.37224e-06
4.94949e-01 9.62066e+02 4.04665e-06
5.05051e-01 1.00173e+03 4.84317e-06
5.15152e-01 1.04220e+03 5.79128e-06
5.25253e-01 1.08348e+03 6.90191e-06
5.35354e-01 1.12555e+03 8.20844e-06
5.45455e-01 1.16842e+03 9.74448e-06
5.55556e-01 1.21210e+03 1.15467e-05
5.65657e-01 1.25658e+03 1.36588e-05
5.75758e-01 1.30185e+03 1.61320e-05
5.85859e-01 1.34793e+03 1.90255e-05
5.95960e-01 1.39481e+03 2.24066e-05
6.06061e-01 1.44250e+03 2.63534e-05
6.16162e-01 1.49098e+03 3.09588e-05
6.26263e-01 1.54027e+03 3.63282e-05
6.36364e-01 1.59035e+03 4.25818e-05
6.46465e-01 1.64124e+03 4.98643e-05
6.56566e-01 1.69293e+03 5.83393e-05
6.66667e-01 1.74542e+03 6.82033e-05
6.76768e-01 1.79871e+03 7.96767e-05
6.86869e-01 1.85281e+03 9.30168e-05
6.96970e-01 1.90770e+03 1.08533e-04
7.07071e-01 1.96340e+03 1.26584e-04
7.17172e-01 2.01990e+03 1.47589e-04
7.27273e-01 2.07720e+03 1.72029e-04
7.37374e-01 2.13530e+03 2.00507e-04
7.47475e-01 2.19420e+03 2.33686e-04
7.57576e-01 2.25390e+03 2.72398e-04
7.67677e-01 2.31441e+03 3.17636e-04
7.77778e-01 2.37571e+03 3.70539e-04
7.87879e-01 2.43782e+03 4.32559e-04
7.97980e-01 2.50073e+03 5.05421e-04
8.08081e-01 2.56444e+03 5.91197e-04
8.18182e-01 2.62895e+03 6.92512e-04
8.28283e-01 2.69426e+03 8.12651e-04
8.38384e-01 2.76038e+03 9.55682e-04
8.48485e-01 2.82729e+03 1.12682e-03
8.58586e-01 2.89501e+03 1.33281e-03
8.68687e-01 2.96353e+03 1.58255e-03
8.78788e-01 3.03285e+03 1.88793e-03
8.88889e-01 3.10297e+03 2.26513e-03
8.98990e-01 3.17389e+03 2.73706e-03
9.09091e-01 3.24562e+03 3.33679e-03
9.19192e-01 3.31814e+03 4.11471e-03
9.29293e-01 3.39147e+03 5.15148e-03
9.39394e-01 3.46559e+03 6.58575e-03
9.49495e-01 3.54052e+03 8.67393e-03
9.59596e-01 3.61625e+03 1.19533e-02
9.69697e-01 3.69277e+03 1.77220e-02
9.79798e-01 3.77009e+03 3.01269e-02
9.89899e-01 3.84819e+03 7.27911e-02
1.00000e+00 1.39043e+03 1.45161e+03
