0.00000e+00 0.00000e+00 0.00000e+00
1.01010e-02 4.00705e-01 0.00000e+00
2.02020e-02 1.60282e+00 0.00000e+00
3.03030e-02 3.60634e+00 0.00000e+00
4.04040e-02 6.41128e+00 0.00000e+00
5.05051e-02 1.00176e+01 0.00000e+00
6.06061e-02 1.44254e+01 0.00000e+00
7.07071e-02 1.96345e+01 0.00000e+00
8.08081e-02 2.56451e+01 0.00000e+00
9.09091e-02 3.24571e+01 0.00000e+00
1.01010e-01 4.00705e+01 0.00000e+00
1.11111e-01 4.84853e+01 0.00000e+00
1.21212e-01 5.77015e+01 0.00000e+00
1.31313e-01 6.77191e+01 0.00000e+00
1.41414e-01 7.85382e+01 0.00000e+00
1.51515e-01 9.01586e+01 0.00000e+00
1.61616e-01 1.02580e+02 0.00000e+00
1.71717e-01 1.15804e+02 0.00000e+00
1.81818e-01 1.29828e+02 0.00000e+00
1.91919e-01 1.44654e+02 0.00000e+00
2.02020e-01 1.60282e+02 0.00000e+00
2.12121e-01 1.76711e+02 0.00000e+00
2.22222e-01 1.93941e+02 0.00000e+00
2.32323e-01 2.11973e+02 0.00000e+00
2.42424e-01 2.30806e+02 0.00000e+00
2.52525e-01 2.50441e+02 0.00000e+00
2.62626e-01 2.70877e+02 0.00000e+00
2.72727e-01 2.92114e+02 0.00000e+00
2.82828e-01 3.14153e+02 0.00000e+00
2.92929e-01 3.36993e+02 0.00000e+00
3.03030e-01 3.60634e+02 0.00000e+00
3.13131e-01 3.85077e+02 3.49742e-21
3.23232e-01 4.10322e+02 1.41897e-09
