0.00000e+00 0.00000e+00 0.00000e+00
3.26531e-02 9.40126e-03 0.00000e+00
6.53061e-02 1.88025e-02 0.00000e+00
9.79592e-02 2.82038e-02 0.00000e+00
1.30612e-01 3.76050e-02 2.21478e-08
1.63265e-01 4.70062e-02 7.65317e-08
1.95918e-01 5.64073e-02 1.96869e-07
2.28571e-01 6.58082e-02 4.96058e-07
2.61224e-01 7.52089e-02 9.15952e-07
2.93878e-01 8.46093e-02 1.61697e-06
3.26531e-01 9.40094e-02 2.55959e-06
3.59184e-01 1.03409e-01 3.93493e-06
3.91837e-01 1.12808e-01 5.86080e-06
4.24490e-01 1.22206e-01 8.29590e-06
4.57143e-01 1.31603e-01 1.14426e-05
4.89796e-01 1.40999e-01 1.55057e-05
5.22449e-01 1.50394e-01 2.04669e-05
5.55102e-01 1.59787e-01 2.67609e-05
5.87755e-01 1.69178e-01 3.43065e-05
6.20408e-01 1.78568e-01 4.32307e-05
6.53061e-01 1.87955e-01 5.43629e-05
6.85714e-01 1.97339e-01 6.72977e-05
7.18367e-01 2.06721e-01 8.22958e-05
7.51020e-01 2.16099e-01 1.00261e-04
7.83673e-01 2.25473e-01 1.21402e-04
8.16327e-01 2.34843e-01 1.46203e-04
8.48980e-01 2.44208e-01 1.74403e-04
8.81633e-01 2.53567e-01 2.06939e-04
9.14286e-01 2.62920e-01 2.45284e-04
9.46939e-01 2.72265e-01 2.89084e-04
9.79592e-01 2.81602e-01 3.39521e-04
1.01224e+00 2.90930e-01 3.97482e-04
1.04490e+00 3.00247e-01 4.63893e-04
1.07755e+00 3.09551e-01 5.41362e-04
1.11020e+00 3.18841e-01 6.30532e-04
1.14286e+00 3.28115e-01 7.33195e-04
1.17551e+00 3.37370e-01 8.51614e-04
1.20816e+00 3.46599e-01 9.91913e-04
1.24082e+00 3.55802e-01 1.15424e-03
1.27347e+00 3.64971e-01 1.34626e-03
1.30612e+00 3.74094e-01 1.57833e-03
1.33878e+00 3.83159e-01 1.86211e-03
1.37143e+00 3.92146e-01 2.21605e-03
1.40408e+00 4.01010e-01 2.68393e-03
1.43673e+00 4.09665e-01 3.34782e-03
1.46939e+00 4.17674e-01 4.63749e-03
1.50204e+00 2.97005e-01 1.14728e-01
