0.00000e+00 0.00000e+00
3.26531e-02 3.26893e-02
6.53061e-02 6.53786e-02
9.79592e-02 9.80679e-02
1.30612e-01 1.30757e-01
1.63265e-01 1.63446e-01
1.95918e-01 1.96135e-01
2.28571e-01 2.28823e-01
2.61224e-01 2.61511e-01
2.93878e-01 2.94197e-01
3.26531e-01 3.26883e-01
3.59184e-01 3.59567e-01
3.91837e-01 3.92248e-01
4.24490e-01 4.24928e-01
4.57143e-01 4.57604e-01
4.89796e-01 4.90277e-01
5.22449e-01 5.22946e-01
5.55102e-01 5.55610e-01
5.87755e-01 5.88268e-01
6.20408e-01 6.20921e-01
6.53061e-01 6.53566e-01
6.85714e-01 6.86202e-01
7.18367e-01 7.18831e-01
7.51020e-01 7.51448e-01
7.83673e-01 7.84052e-01
8.16327e-01 8.16642e-01
8.48980e-01 8.49217e-01
8.81633e-01 8.81776e-01
9.14286e-01 9.14313e-01
9.46939e-01 9.46828e-01
9.79592e-01 9.79317e-01
1.01224e+00 1.01178e+00
1.04490e+00 1.04421e+00
1.07755e+00 1.07659e+00
1.11020e+00 1.10893e+00
1.14286e+00 1.14123e+00
1.17551e+00 1.17346e+00
1.20816e+00 1.20561e+00
1.24082e+00 1.23768e+00
1.27347e+00 1.26965e+00
1.30612e+00 1.30147e+00
1.33878e+00 1.33312e+00
1.37143e+00 1.36452e+00
1.40408e+00 1.39554e+00
1.43673e+00 1.42591e+00
1.46939e+00 1.45422e+00
1.50204e+00 3.09318e-03
