0.00000e+00 0.00000e+00 0.00000e+00
1.01010e-02 4.00695e-01 0.00000e+00
2.02020e-02 1.60278e+00 0.00000e+00
3.03030e-02 3.60626e+00 0.00000e+00
4.04040e-02 6.41112e+00 0.00000e+00
5.05051e-02 1.00174e+01 0.00000e+00
6.06061e-02 1.44250e+01 0.00000e+00
7.07071e-02 1.96341e+01 0.00000e+00
8.08081e-02 2.56445e+01 0.00000e+00
9.09091e-02 3.24563e+01 0.00000e+00
1.01010e-01 4.00695e+01 1.69077e-09
1.11111e-01 4.84841e+01 4.05459e-08
1.21212e-01 5.77001e+01 2.67487e-07
1.31313e-01 6.77175e+01 1.05110e-06
1.41414e-01 7.85362e+01 3.12528e-06
1.51515e-01 9.01564e+01 7.83590e-06
1.61616e-01 1.02578e+02 1.75908e-05
1.71717e-01 1.15801e+02 3.67944e-05
1.81818e-01 1.29825e+02 7.40933e-05
1.91919e-01 1.44651e+02 1.49444e-04
2.02020e-01 1.60278e+02 3.33205e-04
2.12121e-01 1.76702e+02 3.65884e-03
