0.00000e+00 0.00000e+00
2.04082e-02 2.04033e-02
4.08163e-02 4.07771e-02
6.12245e-02 6.10922e-02
8.16327e-02 8.13194e-02
1.02041e-01 1.01430e-01
1.22449e-01 1.21395e-01
1.42857e-01 1.41187e-01
1.63265e-01 1.60778e-01
1.83673e-01 1.80140e-01
2.04082e-01 1.99249e-01
2.24490e-01 2.18079e-01
2.44898e-01 2.36604e-01
2.65306e-01 2.54802e-01
2.85714e-01 2.72650e-01
3.06122e-01 2.90126e-01
3.26531e-01 3.07209e-01
3.46939e-01 3.23880e-01
3.67347e-01 3.40119e-01
3.87755e-01 3.55912e-01
4.08163e-01 3.71242e-01
4.28571e-01 3.86093e-01
4.48980e-01 4.00452e-01
4.69388e-01 4.14308e-01
4.89796e-01 4.27649e-01
5.10204e-01 4.40465e-01
5.30612e-01 4.52749e-01
5.51020e-01 4.64492e-01
5.71429e-01 4.75689e-01
5.91837e-01 4.86335e-01
6.12245e-01 4.96425e-01
6.32653e-01 5.05958e-01
6.53061e-01 5.14932e-01
6.73469e-01 5.23344e-01
6.93878e-01 5.31196e-01
7.14286e-01 5.38489e-01
7.34694e-01 5.45222e-01
7.55102e-01 5.51399e-01
7.75510e-01 5.57020e-01
7.95918e-01 5.62089e-01
8.16327e-01 5.66605e-01
8.36735e-01 5.70571e-01
8.57143e-01 5.73983e-01
8.77551e-01 5.76837e-01
8.97959e-01 5.79118e-01
9.18367e-01 5.80796e-01
9.38776e-01 5.81789e-01
9.59184e-01 5.81740e-01
9.79592e-01 5.77246e-01
9.89796e-01 8.21576e-04
