0.00000e+00 0.00000e+00 0.00000e+00
1.01010e-02 4.00706e-01 0.00000e+00
2.02020e-02 1.60283e+00 0.00000e+00
3.03030e-02 3.60636e+00 0.00000e+00
4.04040e-02 6.41130e+00 0.00000e+00
5.05051e-02 1.00177e+01 0.00000e+00
6.06061e-02 1.44254e+01 0.00000e+00
7.07071e-02 1.96346e+01 0.00000e+00
8.08081e-02 2.56452e+01 0.00000e+00
9.09091e-02 3.24572e+01 0.00000e+00
1.01010e-01 4.00706e+01 0.00000e+00
1.11111e-01 4.84855e+01 0.00000e+00
1.21212e-01 5.77017e+01 0.00000e+00
1.31313e-01 6.77194e+01 0.00000e+00
1.41414e-01 7.85384e+01 0.00000e+00
1.51515e-01 9.01589e+01 0.00000e+00
1.61616e-01 1.02581e+02 0.00000e+00
1.71717e-01 1.15804e+02 0.00000e+00
1.81818e-01 1.29829e+02 0.00000e+00
1.91919e-01 1.44655e+02 0.00000e+00
2.02020e-01 1.60283e+02 0.00000e+00
2.12121e-01 1.76711e+02 0.00000e+00
2.22222e-01 1.93942e+02 0.00000e+00
2.32323e-01 2.11974e+02 0.00000e+00
2.42424e-01 2.30807e+02 0.00000e+00
2.52525e-01 2.50441e+02 0.00000e+00
2.62626e-01 2.70877e+02 0.00000e+00
2.72727e-01 2.92115e+02 0.00000e+00
2.82828e-01 3.14154e+02 0.00000e+00
2.92929e-01 3.36994e+02 0.00000e+00
3.03030e-01 3.60636e+02 0.00000e+00
3.13131e-01 3.85079e+02 0.00000e+00
3.23232e-01 4.10323e+02 0.00000e+00
3.33333e-01 4.36369e+02 0.00000e+00
3.43434e-01 4.63217e+02 2.34808e-11
3.53535e-01 4.90865e+02 5.90327e-10
3.63636e-01 5.19315e+02 3.47981e-09
3.73737e-01 5.48567e+02 1.24206e-08
3.83838e-01 5.78620e+02 3.36860e-08
3.93939e-01 6.09474e+02 7.62916e-08
4.04040e-01 6.41130e+02 3.31478e-07
4.14141e-01 6.73587e+02 7.05063e-07
4.24242e-01 7.06846e+02 1.22344e-06
4.34343e-01 7.40906e+02 1.98958e-06
4.44444e-01 7.75767e+02 3.07657e-06
4.54545e-01 8.11430e+02 4.57699e-06
4.64646e-01 8.47895e+02 6.58998e-06
4.74747e-01 8.85160e+02 9.24792e-06
4.84848e-01 9.23227e+02 1.27288e-05
4.94949e-01 9.62096e+02 1.71161e-05
5.05051e-01 1.00177e+03 2.27044e-05
5.15152e-01 1.04224e+03 2.96523e-05
5.25253e-01 1.08351e+03 3.82322e-05
5.35354e-01 1.12558e+03 4.87398e-05
5.45455e-01 1.16846e+03 6.15174e-05
5.55556e-01 1.21214e+03 7.69562e-05
5.65657e-01 1.25661e+03 9.55062e-05
5.75758e-01 1.30189e+03 1.17689e-04
5.85859e-01 1.34798e+03 1.44103e-04
5.95960e-01 1.39486e+03 1.75446e-04
6.06061e-01 1.44254e+03 2.12528e-04
6.16162e-01 1.49103e+03 2.56288e-04
6.26263e-01 1.54031e+03 3.07824e-04
6.36364e-01 1.59040e+03 3.68425e-04
6.46465e-01 1.64129e+03 4.39587e-04
6.56566e-01 1.69298e+03 5.23096e-04
6.66667e-01 1.74548e+03 6.21068e-04
6.76768e-01 1.79877e+03 7.35946e-04
6.86869e-01 1.85286e+03 8.70666e-04
6.96970e-01 1.90776e+03 1.02875e-03
7.07071e-01 1.96346e+03 1.21430e-03
7.17172e-01 2.01996e+03 1.43223e-03
7.27273e-01 2.07726e+03 1.68858e-03
7.37374e-01 2.13536e+03 1.99008e-03
7.47475e-01 2.19426e+03 2.34508e-03
7.57576e-01 2.25397e+03 2.76395e-03
7.67677e-01 2.31448e+03 3.25803e-03
7.77778e-01 2.37578e+03 3.84193e-03
7.87879e-01 2.43789e+03 4.53324e-03
7.97980e-01 2.50080e+03 5.35315e-03
8.08081e-01 2.56451e+03 6.32779e-03
8.18182e-01 2.62903e+03 7.48958e-03
8.28283e-01 2.69434e+03 8.87882e-03
8.38384e-01 2.76045e+03 1.05468e-02
8.48485e-01 2.82737e+03 1.25585e-02
8.58586e-01 2.89509e+03 1.49994e-02
8.68687e-01 2.96360e+03 1.79808e-02
8.78788e-01 3.03292e+03 2.16532e-02
8.88889e-01 3.10304e+03 2.62243e-02
8.98990e-01 3.17396e+03 3.19948e-02
9.09091e-01 3.24568e+03 3.94407e-02
9.19192e-01 3.31819e+03 4.93095e-02
9.29293e-01 3.39151e+03 6.29034e-02
9.39394e-01 3.46562e+03 8.26025e-02
9.49495e-01 3.54052e+03 1.13218e-01
9.59596e-01 3.61619e+03 1.66415e-01
9.69697e-01 3.69261e+03 2.79983e-01
9.79798e-01 3.76947e+03 7.44735e-01
9.89899e-01 2.58738e+03 7.16702e+02
