0.00000e+00 0.00000e+00 0.00000e+00
1.01010e-02 4.00694e-01 0.00000e+00
2.02020e-02 1.60277e+00 0.00000e+00
3.03030e-02 3.60624e+00 0.00000e+00
4.04040e-02 6.41110e+00 0.00000e+00
5.05051e-02 1.00173e+01 2.32875e-24
6.06061e-02 1.44250e+01 1.13125e-12
7.07071e-02 1.96340e+01 1.63813e-11
8.08081e-02 2.56444e+01 9.78823e-11
9.09091e-02 3.24562e+01 3.79062e-10
1.01010e-01 4.00694e+01 1.52031e-09
1.11111e-01 4.84839e+01 4.15412e-09
1.21212e-01 5.76999e+01 1.27057e-08
1.31313e-01 6.77172e+01 2.59161e-08
1.41414e-01 7.85360e+01 4.93102e-08
1.51515e-01 9.01561e+01 8.96837e-08
1.61616e-01 1.02578e+02 1.53404e-07
1.71717e-01 1.15800e+02 2.54084e-07
1.81818e-01 1.29825e+02 4.04614e-07
1.91919e-01 1.44650e+02 6.27280e-07
2.02020e-01 1.60277e+02 9.51378e-07
2.12121e-01 1.76706e+02 1.40654e-06
2.22222e-01 1.93936e+02 2.04543e-06
2.32323e-01 2.11967e+02 2.91738e-06
2.42424e-01 2.30800e+02 4.10470e-06
2.52525e-01 2.50434e+02 5.68649e-06
2.62626e-01 2.70869e+02 7.78995e-06
2.72727e-01 2.92106e+02 1.05385e-05
2.82828e-01 3.14144e+02 1.41222e-05
2.92929e-01 3.36983e+02 1.87364e-05
3.03030e-01 3.60624e+02 2.46286e-05
3.13131e-01 3.85067e+02 3.21422e-05
3.23232e-01 4.10310e+02 4.16206e-05
3.33333e-01 4.36355e+02 5.35269e-05
3.43434e-01 4.63202e+02 6.84012e-05
3.53535e-01 4.90850e+02 8.69000e-05
3.63636e-01 5.19299e+02 1.09805e-04
3.73737e-01 5.48550e+02 1.38050e-04
3.83838e-01 5.78601e+02 1.72768e-04
3.93939e-01 6.09455e+02 2.15285e-04
4.04040e-01 6.41110e+02 2.67215e-04
4.14141e-01 6.73566e+02 3.30459e-04
4.24242e-01 7.06823e+02 4.07318e-04
4.34343e-01 7.40882e+02 5.00541e-04
4.44444e-01 7.75742e+02 6.13361e-04
4.54545e-01 8.11404e+02 7.49737e-04
4.64646e-01 8.47867e+02 9.14367e-04
4.74747e-01 8.85131e+02 1.11292e-03
4.84848e-01 9.23197e+02 1.35226e-03
4.94949e-01 9.62063e+02 1.64076e-03
5.05051e-01 1.00173e+03 1.98834e-03
5.15152e-01 1.04220e+03 2.40742e-03
5.25253e-01 1.08347e+03 2.91311e-03
5.35354e-01 1.12554e+03 3.52415e-03
5.45455e-01 1.16842e+03 4.26401e-03
5.55556e-01 1.21209e+03 5.16180e-03
5.65657e-01 1.25657e+03 6.25493e-03
5.75758e-01 1.30184e+03 7.59227e-03
5.85859e-01 1.34792e+03 9.23653e-03
5.95960e-01 1.39480e+03 1.12732e-02
6.06061e-01 1.44248e+03 1.38192e-02
6.16162e-01 1.49096e+03 1.70415e-02
6.26263e-01 1.54024e+03 2.11892e-02
6.36364e-01 1.59032e+03 2.66547e-02
6.46465e-01 1.64120e+03 3.41255e-02
6.56566e-01 1.69288e+03 4.49905e-02
6.66667e-01 1.74535e+03 6.30209e-02
6.76768e-01 1.79690e+03 1.34361e+00
