0.00000e+00 0.00000e+00 0.00000e+00
1.01010e-02 4.00694e-01 0.00000e+00
2.02020e-02 1.60277e+00 0.00000e+00
3.03030e-02 3.60624e+00 0.00000e+00
4.04040e-02 6.41110e+00 0.00000e+00
5.05051e-02 1.00173e+01 3.03830e-25
6.06061e-02 1.44250e+01 9.00291e-14
7.07071e-02 1.96340e+01 1.34633e-12
8.08081e-02 2.56444e+01 8.27462e-12
9.09091e-02 3.24562e+01 3.27253e-11
1.01010e-01 4.00694e+01 9.99360e-11
1.11111e-01 4.84839e+01 2.58338e-10
1.21212e-01 5.76999e+01 5.88819e-10
1.31313e-01 6.77172e+01 1.23095e-09
1.41414e-01 7.85360e+01 2.39276e-09
1.51515e-01 9.01561e+01 4.40929e-09
1.61616e-01 1.02578e+02 7.71847e-09
1.71717e-01 1.15800e+02 1.30033e-08
1.81818e-01 1.29825e+02 2.37129e-08
1.91919e-01 1.44650e+02 3.97082e-08
2.02020e-01 1.60277e+02 6.30280e-08
2.12121e-01 1.76706e+02 9.62591e-08
2.22222e-01 1.93936e+02 1.42484e-07
2.32323e-01 2.11967e+02 2.05773e-07
2.42424e-01 2.30800e+02 2.91649e-07
2.52525e-01 2.50434e+02 4.06014e-07
2.62626e-01 2.70869e+02 5.56978e-07
2.72727e-01 2.92106e+02 7.55690e-07
2.82828e-01 3.14144e+02 1.01293e-06
2.92929e-01 3.36983e+02 1.34370e-06
3.03030e-01 3.60624e+02 1.76566e-06
3.13131e-01 3.85067e+02 2.30127e-06
3.23232e-01 4.10310e+02 2.97618e-06
3.33333e-01 4.36355e+02 3.82114e-06
3.43434e-01 4.63202e+02 4.87179e-06
3.53535e-01 4.90850e+02 6.17305e-06
3.63636e-01 5.19299e+02 7.78002e-06
3.73737e-01 5.48550e+02 9.75231e-06
3.83838e-01 5.78602e+02 1.21645e-05
3.93939e-01 6.09455e+02 1.51016e-05
4.04040e-01 6.41110e+02 1.87008e-05
4.14141e-01 6.73566e+02 2.29911e-05
4.24242e-01 7.06824e+02 2.81781e-05
4.34343e-01 7.40883e+02 3.44787e-05
4.44444e-01 7.75743e+02 4.19860e-05
4.54545e-01 8.11405e+02 5.09584e-05
4.64646e-01 8.47868e+02 6.16607e-05
4.74747e-01 8.85132e+02 7.44108e-05
4.84848e-01 9.23198e+02 8.95567e-05
4.94949e-01 9.62065e+02 1.07517e-04
5.05051e-01 1.00173e+03 1.28771e-04
5.15152e-01 1.04220e+03 1.53908e-04
5.25253e-01 1.08348e+03 1.83565e-04
5.35354e-01 1.12555e+03 2.18514e-04
5.45455e-01 1.16842e+03 2.59667e-04
5.55556e-01 1.21210e+03 3.08034e-04
5.65657e-01 1.25658e+03 3.64828e-04
5.75758e-01 1.30185e+03 4.31487e-04
5.85859e-01 1.34793e+03 5.09693e-04
5.95960e-01 1.39481e+03 6.01204e-04
6.06061e-01 1.44250e+03 7.08355e-04
6.16162e-01 1.49098e+03 8.33685e-04
6.26263e-01 1.54027e+03 9.80254e-04
6.36364e-01 1.59035e+03 1.15162e-03
6.46465e-01 1.64124e+03 1.35186e-03
6.56566e-01 1.69293e+03 1.58590e-03
6.66667e-01 1.74542e+03 1.85941e-03
6.76768e-01 1.79871e+03 2.17910e-03
6.86869e-01 1.85280e+03 2.55297e-03
6.96970e-01 1.90770e+03 2.99044e-03
7.07071e-01 1.96339e+03 3.50276e-03
7.17172e-01 2.01989e+03 4.10295e-03
7.27273e-01 2.07719e+03 4.80722e-03
7.37374e-01 2.13529e+03 5.63489e-03
7.47475e-01 2.19419e+03 6.60945e-03
7.57576e-01 2.25389e+03 7.75876e-03
7.67677e-01 2.31440e+03 9.11807e-03
7.77778e-01 2.37570e+03 1.07304e-02
7.87879e-01 2.43781e+03 1.26492e-02
7.97980e-01 2.50071e+03 1.49428e-02
8.08081e-01 2.56442e+03 1.76979e-02
8.18182e-01 2.62893e+03 2.10255e-02
8.28283e-01 2.69423e+03 2.50770e-02
8.38384e-01 2.76034e+03 3.00439e-02
8.48485e-01 2.82725e+03 3.61975e-02
8.58586e-01 2.89496e+03 4.39164e-02
8.68687e-01 2.96347e+03 5.37558e-02
8.78788e-01 3.03277e+03 6.65267e-02
8.88889e-01 3.10288e+03 8.35500e-02
8.98990e-01 3.17377e+03 1.07035e-01
9.09091e-01 3.24546e+03 1.41338e-01
9.19192e-01 3.31793e+03 1.96815e-01
9.29293e-01 3.39113e+03 3.11510e-01
9.39394e-01 3.25029e+03 1.21889e+02
