0.00000e+00 0.00000e+00
1.00000e+00 1.00000e+00
1.00010e+00 1.00010e+00
1.00812e+00 9.89799e-01
1.01613e+00 9.79338e-01
1.02415e+00 9.68877e-01
1.03216e+00 9.58427e-01
1.04018e+00 9.47967e-01
1.04819e+00 9.37516e-01
1.05621e+00 9.27059e-01
1.06423e+00 9.16597e-01
1.07224e+00 9.06150e-01
1.08026e+00 8.95696e-01
1.08827e+00 8.85244e-01
1.09629e+00 8.74782e-01
1.10431e+00 8.64334e-01
1.11232e+00 8.53877e-01
1.12034e+00 8.43421e-01
1.12835e+00 8.32966e-01
1.13637e+00 8.22512e-01
1.14438e+00 8.12059e-01
1.15240e+00 8.01608e-01
1.16042e+00 7.91156e-01
1.16843e+00 7.80706e-01
1.17645e+00 7.70245e-01
1.18446e+00 7.59796e-01
1.19248e+00 7.49337e-01
1.20050e+00 7.38889e-01
1.20851e+00 7.28431e-01
1.21653e+00 7.17983e-01
1.22454e+00 7.07526e-01
1.23256e+00 6.97080e-01
1.24057e+00 6.86623e-01
1.24859e+00 6.76178e-01
1.25661e+00 6.65723e-01
1.26462e+00 6.55268e-01
1.27264e+00 6.44813e-01
1.28065e+00 6.34369e-01
1.28867e+00 6.23916e-01
1.29669e+00 6.13463e-01
1.30470e+00 6.03010e-01
1.31272e+00 5.92569e-01
1.32073e+00 5.82117e-01
1.32875e+00 5.71666e-01
1.33676e+00 5.61216e-01
1.34478e+00 5.50766e-01
1.35280e+00 5.40317e-01
1.36081e+00 5.29869e-01
1.36883e+00 5.19421e-01
1.37684e+00 5.08974e-01
1.38486e+00 4.98529e-01
1.39288e+00 4.88084e-01
1.40089e+00 4.77640e-01
1.40891e+00 4.67197e-01
1.41692e+00 4.56755e-01
1.42494e+00 4.46315e-01
1.43295e+00 4.35876e-01
1.44097e+00 4.25438e-01
1.44899e+00 4.15002e-01
1.45700e+00 4.04568e-01
1.46502e+00 3.94136e-01
1.47303e+00 3.83707e-01
1.48105e+00 3.73280e-01
1.48907e+00 3.62845e-01
1.49708e+00 3.52424e-01
1.50510e+00 3.42006e-01
1.51311e+00 3.31592e-01
1.52113e+00 3.21172e-01
1.52914e+00 3.10767e-01
1.53716e+00 3.00368e-01
1.54518e+00 2.89966e-01
1.55319e+00 2.79581e-01
1.56121e+00 2.69194e-01
1.56922e+00 2.58827e-01
1.57724e+00 2.48462e-01
1.58526e+00 2.38120e-01
1.59327e+00 2.27784e-01
1.60129e+00 2.17467e-01
1.60930e+00 2.07173e-01
1.61732e+00 1.96906e-01
1.62533e+00 1.86671e-01
1.63335e+00 1.76477e-01
1.64137e+00 1.66332e-01
1.64938e+00 1.56247e-01
1.65740e+00 1.46240e-01
1.66541e+00 1.36318e-01
1.67343e+00 1.26527e-01
1.68145e+00 1.16882e-01
1.68946e+00 1.07435e-01
1.69748e+00 9.82499e-02
1.70549e+00 8.93851e-02
1.71351e+00 8.09097e-02
1.72152e+00 7.28989e-02
1.72954e+00 6.54541e-02
1.73756e+00 5.86879e-02
1.74557e+00 5.25942e-02
1.75359e+00 4.71758e-02
1.76160e+00 4.24100e-02
1.76962e+00 3.82654e-02
1.77764e+00 3.46880e-02
1.78565e+00 3.16124e-02
1.79367e+00 2.89855e-02
1.80168e+00 2.67355e-02
1.80970e+00 2.48010e-02
1.81771e+00 2.31204e-02
1.82573e+00 2.16466e-02
1.83375e+00 2.03510e-02
1.84176e+00 1.91870e-02
1.84978e+00 1.81556e-02
1.85779e+00 1.72298e-02
1.86581e+00 1.63755e-02
1.87383e+00 1.56043e-02
1.88184e+00 1.49097e-02
1.88986e+00 1.42713e-02
1.89787e+00 1.36844e-02
1.90589e+00 1.31434e-02
1.91390e+00 1.26432e-02
1.91791e+00 1.21797e-02
