0.00000e+00 0.00000e+00 0.00000e+00
1.01010e-02 4.00706e-01 0.00000e+00
2.02020e-02 1.60283e+00 0.00000e+00
3.03030e-02 3.60636e+00 0.00000e+00
4.04040e-02 6.41130e+00 0.00000e+00
5.05051e-02 1.00177e+01 0.00000e+00
6.06061e-02 1.44254e+01 0.00000e+00
7.07071e-02 1.96346e+01 0.00000e+00
8.08081e-02 2.56452e+01 0.00000e+00
9.09091e-02 3.24572e+01 0.00000e+00
1.01010e-01 4.00706e+01 0.00000e+00
1.11111e-01 4.84855e+01 0.00000e+00
1.21212e-01 5.77017e+01 0.00000e+00
1.31313e-01 6.77194e+01 0.00000e+00
1.41414e-01 7.85384e+01 0.00000e+00
1.51515e-01 9.01589e+01 0.00000e+00
1.61616e-01 1.02581e+02 0.00000e+00
1.71717e-01 1.15804e+02 0.00000e+00
1.81818e-01 1.29829e+02 0.00000e+00
1.91919e-01 1.44655e+02 0.00000e+00
2.02020e-01 1.60283e+02 0.00000e+00
2.12121e-01 1.76711e+02 0.00000e+00
2.22222e-01 1.93942e+02 0.00000e+00
2.32323e-01 2.11974e+02 0.00000e+00
2.42424e-01 2.30807e+02 0.00000e+00
2.52525e-01 2.50441e+02 0.00000e+00
2.62626e-01 2.70877e+02 0.00000e+00
2.72727e-01 2.92115e+02 0.00000e+00
2.82828e-01 3.14154e+02 0.00000e+00
2.92929e-01 3.36994e+02 0.00000e+00
3.03030e-01 3.60636e+02 0.00000e+00
3.13131e-01 3.85079e+02 0.00000e+00
3.23232e-01 4.10323e+02 0.00000e+00
3.33333e-01 4.36369e+02 0.00000e+00
3.43434e-01 4.63217e+02 9.84724e-09
3.53535e-01 4.90865e+02 2.78917e-07
3.63636e-01 5.19315e+02 1.74910e-06
3.73737e-01 5.48567e+02 6.34774e-06
3.83838e-01 5.78620e+02 1.72662e-05
3.93939e-01 6.09474e+02 3.92084e-05
4.04040e-01 6.41130e+02 7.87074e-05
4.14141e-01 6.73587e+02 1.44521e-04
4.24242e-01 7.06846e+02 2.48169e-04
4.34343e-01 7.40906e+02 4.04660e-04
4.44444e-01 7.75767e+02 6.33543e-04
4.54545e-01 8.11429e+02 9.60127e-04
4.64646e-01 8.47893e+02 1.41834e-03
4.74747e-01 8.85158e+02 2.05281e-03
4.84848e-01 9.23224e+02 2.92560e-03
4.94949e-01 9.62091e+02 4.12361e-03
5.05051e-01 1.00176e+03 5.77529e-03
5.15152e-01 1.04223e+03 8.08162e-03
5.25253e-01 1.08350e+03 1.13842e-02
5.35354e-01 1.12557e+03 1.63535e-02
5.45455e-01 1.16843e+03 2.47090e-02
5.55556e-01 1.21208e+03 4.86840e-02
5.65657e-01 1.25594e+03 5.11143e-01
