0.0000e+00 5.4925e-01 1.6492e+00
1.0101e-02 5.8412e-01 1.6532e+00
2.0202e-02 6.2275e-01 1.6579e+00
3.0303e-02 6.6484e-01 1.6640e+00
4.0404e-02 7.0940e-01 1.6724e+00
5.0505e-02 7.5330e-01 1.6865e+00
6.0606e-02 7.8350e-01 1.7185e+00
7.0707e-02 7.9160e-01 1.7742e+00
8.0808e-02 7.8640e-01 1.8437e+00
9.0909e-02 7.8326e-01 1.9107e+00
1.0101e-01 7.8763e-01 1.9703e+00
1.1111e-01 7.9085e-01 2.0317e+00
1.2121e-01 7.8421e-01 2.1029e+00
1.3131e-01 7.8624e-01 2.1650e+00
1.4141e-01 7.7098e-01 2.2441e+00
1.5152e-01 7.7293e-01 2.3055e+00
1.6162e-01 7.6977e-01 2.3721e+00
1.7172e-01 7.6896e-01 2.4361e+00
1.8182e-01 7.7437e-01 2.4943e+00
1.9192e-01 7.6800e-01 2.5640e+00
2.0202e-01 7.6586e-01 2.6298e+00
2.1212e-01 7.6236e-01 2.6966e+00
2.2222e-01 7.6754e-01 2.7545e+00
2.3232e-01 7.6632e-01 2.8195e+00
2.4242e-01 7.6717e-01 2.8823e+00
2.5253e-01 7.6028e-01 2.9526e+00
2.6263e-01 7.5961e-01 3.0167e+00
2.7273e-01 7.5642e-01 3.0834e+00
2.8283e-01 7.6075e-01 3.1425e+00
2.9293e-01 7.5528e-01 3.2117e+00
3.0303e-01 7.5293e-01 3.2772e+00
3.1313e-01 7.5066e-01 3.3428e+00
3.2323e-01 7.4802e-01 3.4085e+00
3.3333e-01 7.5211e-01 3.4677e+00
3.4343e-01 7.4769e-01 3.5357e+00
3.5354e-01 7.4527e-01 3.6012e+00
3.6364e-01 7.4417e-01 3.6658e+00
3.7374e-01 7.3724e-01 3.7360e+00
3.8384e-01 7.3852e-01 3.7975e+00
3.9394e-01 7.3893e-01 3.8602e+00
4.0404e-01 7.3787e-01 3.9247e+00
4.1414e-01 7.2822e-01 3.9972e+00
4.2424e-01 7.2948e-01 4.0584e+00
4.3434e-01 7.2878e-01 4.1222e+00
4.4444e-01 7.3076e-01 4.1831e+00
4.5455e-01 7.2134e-01 4.2556e+00
4.6465e-01 7.2680e-01 4.3132e+00
4.7475e-01 7.1915e-01 4.3837e+00
4.8485e-01 7.1834e-01 4.4473e+00
4.9495e-01 7.1579e-01 4.5128e+00
5.0505e-01 7.1494e-01 4.5765e+00
5.1515e-01 7.1750e-01 4.6371e+00
5.2525e-01 7.1266e-01 4.7050e+00
5.3535e-01 7.0639e-01 4.7738e+00
5.4545e-01 7.0529e-01 4.8378e+00
5.5556e-01 6.9825e-01 4.9073e+00
5.6566e-01 7.0325e-01 4.9649e+00
5.7576e-01 6.9987e-01 5.0309e+00
5.8586e-01 6.8724e-01 5.1056e+00
5.9596e-01 6.9267e-01 5.1622e+00
6.0606e-01 6.9281e-01 5.2245e+00
6.1616e-01 6.8574e-01 5.2942e+00
6.2626e-01 6.8697e-01 5.3554e+00
6.3636e-01 6.8781e-01 5.4172e+00
6.4646e-01 6.7394e-01 5.4932e+00
6.5657e-01 6.7282e-01 5.5561e+00
6.6667e-01 6.7351e-01 5.6174e+00
6.7677e-01 6.6501e-01 5.6880e+00
6.8687e-01 6.5692e-01 5.7575e+00
6.9697e-01 6.5911e-01 5.8167e+00
7.0707e-01 6.5202e-01 5.8850e+00
7.1717e-01 6.4868e-01 5.9493e+00
7.2727e-01 6.4895e-01 6.0102e+00
7.3737e-01 6.4223e-01 6.0780e+00
7.4747e-01 6.3677e-01 6.1446e+00
7.5758e-01 6.3827e-01 6.2039e+00
7.6768e-01 6.2171e-01 6.2806e+00
7.7778e-01 6.2104e-01 6.3412e+00
7.8788e-01 6.1507e-01 6.4069e+00
7.9798e-01 6.1504e-01 6.4665e+00
8.0808e-01 5.9515e-01 6.5458e+00
8.1818e-01 5.9339e-01 6.6059e+00
8.2828e-01 5.8705e-01 6.6703e+00
8.3838e-01 5.8993e-01 6.7261e+00
8.4848e-01 5.7489e-01 6.7993e+00
8.5859e-01 5.7090e-01 6.8608e+00
8.6869e-01 5.6016e-01 6.9288e+00
8.7879e-01 5.4542e-01 6.9998e+00
8.8889e-01 5.3649e-01 7.0641e+00
8.9899e-01 5.2578e-01 7.1297e+00
9.0909e-01 5.1438e-01 7.1951e+00
9.1919e-01 5.0283e-01 7.2599e+00
9.2929e-01 4.8620e-01 7.3286e+00
9.3939e-01 4.7507e-01 7.3905e+00
9.4949e-01 4.5718e-01 7.4578e+00
9.5960e-01 4.3739e-01 7.5259e+00
9.6970e-01 4.1596e-01 7.5942e+00
9.7980e-01 3.8891e-01 7.6673e+00
9.8990e-01 3.3724e-01 7.7648e+00
1.0000e+00 1.5413e-01 7.9963e+00
