8.99929e-01
1.01032e+00
1.12872e+00
1.25227e+00
1.37893e+00
1.49932e+00
1.58102e+00
1.60434e+00
1.59442e+00
1.58870e+00
1.60070e+00
1.61159e+00
1.59453e+00
1.60334e+00
1.56947e+00
1.57863e+00
1.57494e+00
1.57751e+00
1.59477e+00
1.58102e+00
1.58042e+00
1.57584e+00
1.59160e+00
1.59416e+00
1.59875e+00
1.58461e+00
1.58717e+00
1.58376e+00
1.59849e+00
1.58838e+00
1.58578e+00
1.58530e+00
1.58382e+00
1.59932e+00
1.59229e+00
1.58774e+00
1.59106e+00
1.57645e+00
1.58493e+00
1.59318e+00
1.59453e+00
1.57589e+00
1.58317e+00
1.58841e+00
1.59839e+00
1.58183e+00
1.60079e+00
1.58483e+00
1.58808e+00
1.58723e+00
1.59144e+00
1.60241e+00
1.59544e+00
1.58523e+00
1.59102e+00
1.57879e+00
1.59819e+00
1.59852e+00
1.57283e+00
1.59572e+00
1.60491e+00
1.59152e+00
1.60165e+00
1.61218e+00
1.58104e+00
1.58930e+00
1.60236e+00
1.58797e+00
1.57853e+00
1.59354e+00
1.58603e+00
1.58801e+00
1.60110e+00
1.59507e+00
1.59323e+00
1.60880e+00
1.57788e+00
1.59198e+00
1.59221e+00
1.60545e+00
1.57089e+00
1.58290e+00
1.58590e+00
1.61286e+00
1.59118e+00
1.59947e+00
1.59261e+00
1.57612e+00
1.58074e+00
1.58095e+00
1.58177e+00
1.58541e+00
1.57617e+00
1.58636e+00
1.58536e+00
1.58599e+00
1.59195e+00
1.58749e+00
1.27032e+00
5.55860e-01
