0.00000e+00 0.00000e+00 0.00000e+00
1.01010e-02 4.00694e-01 0.00000e+00
2.02020e-02 1.60278e+00 0.00000e+00
3.03030e-02 3.60625e+00 0.00000e+00
4.04040e-02 6.41110e+00 0.00000e+00
5.05051e-02 1.00173e+01 3.08372e-12
6.06061e-02 1.44250e+01 6.99923e-10
7.07071e-02 1.96340e+01 8.68995e-09
8.08081e-02 2.56444e+01 4.67625e-08
9.09091e-02 3.24562e+01 1.71504e-07
1.01010e-01 4.00694e+01 4.97976e-07
1.11111e-01 4.84840e+01 1.24095e-06
1.21212e-01 5.76999e+01 2.77751e-06
1.31313e-01 6.77173e+01 5.78094e-06
1.41414e-01 7.85360e+01 1.12045e-05
1.51515e-01 9.01561e+01 2.10244e-05
1.61616e-01 1.02578e+02 3.81884e-05
1.71717e-01 1.15800e+02 6.84219e-05
1.81818e-01 1.29825e+02 1.23174e-04
1.91919e-01 1.44650e+02 2.33498e-04
2.02020e-01 1.60277e+02 5.66349e-04
2.12121e-01 1.76702e+02 3.34564e-03
