9.35209e-01
1.06202e+00
1.19735e+00
1.34117e+00
1.48745e+00
1.56892e+00
1.56978e+00
1.56403e+00
1.57446e+00
1.56906e+00
1.55450e+00
1.55355e+00
1.55211e+00
1.56783e+00
1.56235e+00
1.55303e+00
1.56332e+00
1.53631e+00
1.55052e+00
1.54939e+00
1.55602e+00
1.55435e+00
1.53401e+00
1.53840e+00
1.52287e+00
1.53066e+00
1.53766e+00
1.54016e+00
1.52995e+00
1.52450e+00
1.52553e+00
1.54053e+00
1.52109e+00
1.52783e+00
1.53725e+00
1.52146e+00
1.52117e+00
1.52321e+00
1.53179e+00
1.52703e+00
1.52455e+00
1.52608e+00
1.50495e+00
1.51481e+00
1.49831e+00
1.49919e+00
1.50007e+00
1.48745e+00
1.48434e+00
1.48484e+00
1.48309e+00
1.49043e+00
1.48114e+00
1.47906e+00
1.48312e+00
1.46302e+00
1.47267e+00
1.45927e+00
1.45840e+00
1.46565e+00
1.46662e+00
1.45627e+00
1.44042e+00
1.44368e+00
1.43680e+00
1.41410e+00
1.38591e+00
1.41815e+00
1.39719e+00
1.40670e+00
1.41485e+00
1.39832e+00
1.38092e+00
1.38873e+00
1.38688e+00
1.37699e+00
1.37955e+00
1.37846e+00
1.38014e+00
1.36732e+00
1.34537e+00
1.33594e+00
1.32538e+00
1.32556e+00
1.31266e+00
1.30416e+00
1.31697e+00
1.30918e+00
1.29105e+00
1.28679e+00
1.30857e+00
1.30780e+00
1.28802e+00
1.29360e+00
1.29429e+00
1.28502e+00
1.27493e+00
1.26363e+00
1.25268e+00
1.20591e+00
