0.00000e+00 0.00000e+00 0.00000e+00
1.01010e-02 4.00694e-01 0.00000e+00
2.02020e-02 1.60278e+00 0.00000e+00
3.03030e-02 3.60625e+00 0.00000e+00
4.04040e-02 6.41110e+00 0.00000e+00
5.05051e-02 1.00173e+01 1.71938e-25
6.06061e-02 1.44250e+01 9.57338e-15
7.07071e-02 1.96340e+01 1.11394e-13
8.08081e-02 2.56444e+01 8.91145e-13
9.09091e-02 3.24562e+01 3.51933e-12
1.01010e-01 4.00694e+01 1.06130e-11
1.11111e-01 4.84840e+01 2.65575e-11
1.21212e-01 5.76999e+01 5.97914e-11
1.31313e-01 6.77173e+01 1.23953e-10
1.41414e-01 7.85360e+01 2.38004e-10
1.51515e-01 9.01561e+01 4.22752e-10
1.61616e-01 1.02578e+02 7.50494e-10
1.71717e-01 1.15801e+02 1.21678e-09
1.81818e-01 1.29825e+02 1.96377e-09
1.91919e-01 1.44651e+02 3.07214e-09
2.02020e-01 1.60278e+02 4.70706e-09
2.12121e-01 1.76706e+02 6.97069e-09
2.22222e-01 1.93936e+02 1.02212e-08
2.32323e-01 2.11967e+02 1.45939e-08
2.42424e-01 2.30800e+02 2.05404e-08
2.52525e-01 2.50434e+02 2.84250e-08
2.62626e-01 2.70869e+02 3.94261e-08
2.72727e-01 2.92106e+02 5.30083e-08
2.82828e-01 3.14144e+02 7.17257e-08
2.92929e-01 3.36984e+02 9.55735e-08
3.03030e-01 3.60625e+02 1.23857e-07
3.13131e-01 3.85067e+02 1.62652e-07
3.23232e-01 4.10311e+02 2.10966e-07
3.33333e-01 4.36356e+02 2.70848e-07
3.43434e-01 4.63202e+02 3.53904e-07
3.53535e-01 4.90850e+02 4.44764e-07
3.63636e-01 5.19299e+02 5.67471e-07
3.73737e-01 5.48550e+02 7.04226e-07
3.83838e-01 5.78602e+02 8.87889e-07
3.93939e-01 6.09455e+02 1.09323e-06
4.04040e-01 6.41110e+02 1.36138e-06
4.14141e-01 6.73567e+02 1.67911e-06
4.24242e-01 7.06824e+02 2.05659e-06
4.34343e-01 7.40883e+02 2.50632e-06
4.44444e-01 7.75743e+02 3.05493e-06
4.54545e-01 8.11405e+02 3.70520e-06
4.64646e-01 8.47868e+02 4.47911e-06
4.74747e-01 8.85133e+02 5.40018e-06
4.84848e-01 9.23199e+02 6.49237e-06
4.94949e-01 9.62066e+02 7.79009e-06
5.05051e-01 1.00173e+03 9.31141e-06
5.15152e-01 1.04220e+03 1.11329e-05
5.25253e-01 1.08348e+03 1.32629e-05
5.35354e-01 1.12555e+03 1.57708e-05
5.45455e-01 1.16842e+03 1.87011e-05
5.55556e-01 1.21210e+03 2.21728e-05
5.65657e-01 1.25658e+03 2.62221e-05
5.75758e-01 1.30185e+03 3.09836e-05
5.85859e-01 1.34793e+03 3.65261e-05
5.95960e-01 1.39482e+03 4.29528e-05
6.06061e-01 1.44250e+03 5.05302e-05
6.16162e-01 1.49098e+03 5.94520e-05
6.26263e-01 1.54027e+03 6.97103e-05
6.36364e-01 1.59035e+03 8.16840e-05
6.46465e-01 1.64124e+03 9.56399e-05
6.56566e-01 1.69293e+03 1.11962e-04
6.66667e-01 1.74542e+03 1.30841e-04
6.76768e-01 1.79871e+03 1.52761e-04
6.86869e-01 1.85281e+03 1.78510e-04
6.96970e-01 1.90770e+03 2.08277e-04
7.07071e-01 1.96340e+03 2.42855e-04
7.17172e-01 2.01990e+03 2.83334e-04
7.27273e-01 2.07720e+03 3.30180e-04
7.37374e-01 2.13530e+03 3.84893e-04
7.47475e-01 2.19420e+03 4.48617e-04
7.57576e-01 2.25390e+03 5.22990e-04
7.67677e-01 2.31441e+03 6.09610e-04
7.77778e-01 2.37571e+03 7.11830e-04
7.87879e-01 2.43782e+03 8.30743e-04
7.97980e-01 2.50073e+03 9.71362e-04
8.08081e-01 2.56444e+03 1.13592e-03
8.18182e-01 2.62895e+03 1.33184e-03
8.28283e-01 2.69426e+03 1.56296e-03
8.38384e-01 2.76038e+03 1.83881e-03
8.48485e-01 2.82729e+03 2.16969e-03
8.58586e-01 2.89501e+03 2.56846e-03
8.68687e-01 2.96353e+03 3.05172e-03
8.78788e-01 3.03285e+03 3.64239e-03
8.88889e-01 3.10297e+03 4.37637e-03
8.98990e-01 3.17389e+03 5.29416e-03
9.09091e-01 3.24561e+03 6.46138e-03
9.19192e-01 3.31814e+03 7.98499e-03
9.29293e-01 3.39146e+03 1.00206e-02
9.39394e-01 3.46559e+03 1.28531e-02
9.49495e-01 3.54051e+03 1.70082e-02
9.59596e-01 3.61624e+03 2.36070e-02
9.69697e-01 3.69276e+03 3.54317e-02
9.79798e-01 3.77006e+03 6.18975e-02
9.89899e-01 3.84809e+03 1.65728e-01
1.00000e+00 1.72329e+03 1.19218e+03
