0.00000e+00 0.00000e+00 0.00000e+00
1.01010e-02 4.00694e-01 0.00000e+00
2.02020e-02 1.60277e+00 0.00000e+00
3.03030e-02 3.60624e+00 0.00000e+00
4.04040e-02 6.41110e+00 0.00000e+00
5.05051e-02 1.00173e+01 8.21158e-26
6.06061e-02 1.44250e+01 1.97184e-14
7.07071e-02 1.96340e+01 3.34768e-13
8.08081e-02 2.56444e+01 2.21671e-12
9.09091e-02 3.24562e+01 8.84463e-12
1.01010e-01 4.00694e+01 2.70096e-11
1.11111e-01 4.84839e+01 6.98206e-11
1.21212e-01 5.76999e+01 1.59139e-10
1.31313e-01 6.77172e+01 3.32688e-10
1.41414e-01 7.85360e+01 6.46687e-10
1.51515e-01 9.01561e+01 1.19169e-09
1.61616e-01 1.02578e+02 2.08604e-09
1.71717e-01 1.15800e+02 3.51433e-09
1.81818e-01 1.29825e+02 5.72157e-09
1.91919e-01 1.44650e+02 8.99852e-09
2.02020e-01 1.60277e+02 1.37961e-08
2.12121e-01 1.76706e+02 2.07676e-08
2.22222e-01 1.93936e+02 3.07624e-08
2.32323e-01 2.11967e+02 4.47104e-08
2.42424e-01 2.30800e+02 6.37388e-08
2.52525e-01 2.50434e+02 8.97759e-08
2.62626e-01 2.70869e+02 1.24517e-07
2.72727e-01 2.92106e+02 1.69994e-07
2.82828e-01 3.14144e+02 2.57858e-07
2.92929e-01 3.36983e+02 3.50504e-07
3.03030e-01 3.60624e+02 4.67905e-07
3.13131e-01 3.85067e+02 6.15104e-07
3.23232e-01 4.10310e+02 7.99045e-07
3.33333e-01 4.36355e+02 1.02806e-06
3.43434e-01 4.63202e+02 1.31284e-06
3.53535e-01 4.90850e+02 1.66502e-06
3.63636e-01 5.19299e+02 2.09820e-06
3.73737e-01 5.48550e+02 2.63014e-06
3.83838e-01 5.78602e+02 3.28019e-06
3.93939e-01 6.09455e+02 4.07229e-06
4.04040e-01 6.41110e+02 5.04239e-06
4.14141e-01 6.73566e+02 6.19795e-06
4.24242e-01 7.06824e+02 7.59398e-06
4.34343e-01 7.40883e+02 9.28913e-06
4.44444e-01 7.75743e+02 1.13077e-05
4.54545e-01 8.11405e+02 1.37192e-05
4.64646e-01 8.47868e+02 1.65933e-05
4.74747e-01 8.85132e+02 2.00161e-05
4.84848e-01 9.23198e+02 2.40790e-05
4.94949e-01 9.62066e+02 2.88938e-05
5.05051e-01 1.00173e+03 3.45863e-05
5.15152e-01 1.04220e+03 4.13123e-05
5.25253e-01 1.08348e+03 4.92399e-05
5.35354e-01 1.12555e+03 5.85736e-05
5.45455e-01 1.16842e+03 6.95520e-05
5.55556e-01 1.21210e+03 8.24365e-05
5.65657e-01 1.25658e+03 9.75444e-05
5.75758e-01 1.30185e+03 1.15244e-04
5.85859e-01 1.34793e+03 1.35962e-04
5.95960e-01 1.39481e+03 1.60182e-04
6.06061e-01 1.44250e+03 1.88482e-04
6.16162e-01 1.49098e+03 2.21505e-04
6.26263e-01 1.54027e+03 2.60042e-04
6.36364e-01 1.59035e+03 3.04969e-04
6.46465e-01 1.64124e+03 3.57331e-04
6.56566e-01 1.69293e+03 4.18333e-04
6.66667e-01 1.74542e+03 4.89391e-04
6.76768e-01 1.79871e+03 5.72155e-04
6.86869e-01 1.85281e+03 6.68492e-04
6.96970e-01 1.90770e+03 7.80728e-04
7.07071e-01 1.96340e+03 9.11432e-04
7.17172e-01 2.01990e+03 1.06379e-03
7.27273e-01 2.07719e+03 1.24139e-03
7.37374e-01 2.13530e+03 1.44874e-03
7.47475e-01 2.19420e+03 1.69086e-03
7.57576e-01 2.25390e+03 1.97400e-03
7.67677e-01 2.31440e+03 2.30605e-03
7.77778e-01 2.37571e+03 2.69525e-03
7.87879e-01 2.43782e+03 3.15304e-03
7.97980e-01 2.50073e+03 3.69269e-03
8.08081e-01 2.56443e+03 4.33079e-03
8.18182e-01 2.62895e+03 5.08798e-03
8.28283e-01 2.69426e+03 5.99023e-03
8.38384e-01 2.76037e+03 7.07073e-03
8.48485e-01 2.82728e+03 8.37192e-03
8.58586e-01 2.89500e+03 9.95053e-03
8.68687e-01 2.96352e+03 1.18807e-02
8.78788e-01 3.03283e+03 1.42650e-02
8.88889e-01 3.10295e+03 1.72455e-02
8.98990e-01 3.17387e+03 2.10274e-02
9.09091e-01 3.24559e+03 2.59235e-02
9.19192e-01 3.31811e+03 3.24148e-02
9.29293e-01 3.39142e+03 4.13353e-02
9.39394e-01 3.46554e+03 5.42119e-02
9.49495e-01 3.54045e+03 7.42331e-02
9.59596e-01 3.61614e+03 1.09177e-01
9.69697e-01 3.69259e+03 1.84937e-01
9.79798e-01 3.76957e+03 5.41848e-01
9.89899e-01 2.78335e+03 5.82686e+02
