0.00000e+00 0.00000e+00 0.00000e+00
1.01010e-02 4.00694e-01 0.00000e+00
2.02020e-02 1.60278e+00 0.00000e+00
3.03030e-02 3.60625e+00 0.00000e+00
4.04040e-02 6.41110e+00 0.00000e+00
5.05051e-02 1.00173e+01 1.67528e-23
6.06061e-02 1.44250e+01 1.38651e-12
7.07071e-02 1.96340e+01 1.73745e-11
8.08081e-02 2.56444e+01 9.22584e-11
9.09091e-02 3.24562e+01 3.55440e-10
1.01010e-01 4.00694e+01 1.05249e-09
1.11111e-01 4.84840e+01 3.04720e-09
1.21212e-01 5.76999e+01 6.97074e-09
1.31313e-01 6.77173e+01 1.43163e-08
1.41414e-01 7.85360e+01 2.69411e-08
1.51515e-01 9.01561e+01 4.82930e-08
1.61616e-01 1.02578e+02 8.33688e-08
1.71717e-01 1.15801e+02 1.35945e-07
1.81818e-01 1.29825e+02 2.16075e-07
1.91919e-01 1.44651e+02 3.34892e-07
2.02020e-01 1.60278e+02 5.05538e-07
2.12121e-01 1.76706e+02 7.45643e-07
2.22222e-01 1.93936e+02 1.07766e-06
2.32323e-01 2.11967e+02 1.54266e-06
2.42424e-01 2.30800e+02 2.15560e-06
2.52525e-01 2.50434e+02 2.98912e-06
2.62626e-01 2.70869e+02 4.08404e-06
2.72727e-01 2.92106e+02 5.50720e-06
2.82828e-01 3.14144e+02 7.40035e-06
2.92929e-01 3.36984e+02 9.76885e-06
3.03030e-01 3.60625e+02 1.27725e-05
3.13131e-01 3.85067e+02 1.66857e-05
3.23232e-01 4.10311e+02 2.15661e-05
3.33333e-01 4.36356e+02 2.76441e-05
3.43434e-01 4.63202e+02 3.53816e-05
3.53535e-01 4.90850e+02 4.47767e-05
3.63636e-01 5.19299e+02 5.64596e-05
3.73737e-01 5.48550e+02 7.07222e-05
3.83838e-01 5.78602e+02 8.85185e-05
3.93939e-01 6.09455e+02 1.09956e-04
4.04040e-01 6.41110e+02 1.36173e-04
4.14141e-01 6.73566e+02 1.67938e-04
4.24242e-01 7.06824e+02 2.06289e-04
4.34343e-01 7.40883e+02 2.52013e-04
4.44444e-01 7.75743e+02 3.08302e-04
4.54545e-01 8.11405e+02 3.75224e-04
4.64646e-01 8.47868e+02 4.55303e-04
4.74747e-01 8.85132e+02 5.51579e-04
4.84848e-01 9.23198e+02 6.66500e-04
4.94949e-01 9.62065e+02 8.03624e-04
5.05051e-01 1.00173e+03 9.66519e-04
5.15152e-01 1.04220e+03 1.16312e-03
5.25253e-01 1.08347e+03 1.39538e-03
5.35354e-01 1.12555e+03 1.67178e-03
5.45455e-01 1.16842e+03 1.99986e-03
5.55556e-01 1.21210e+03 2.39325e-03
5.65657e-01 1.25657e+03 2.85952e-03
5.75758e-01 1.30185e+03 3.41824e-03
5.85859e-01 1.34793e+03 4.07514e-03
5.95960e-01 1.39481e+03 4.86566e-03
6.06061e-01 1.44249e+03 5.81934e-03
6.16162e-01 1.49097e+03 6.95826e-03
6.26263e-01 1.54026e+03 8.31462e-03
6.36364e-01 1.59034e+03 9.96990e-03
6.46465e-01 1.64123e+03 1.19676e-02
6.56566e-01 1.69291e+03 1.43993e-02
6.66667e-01 1.74540e+03 1.73741e-02
6.76768e-01 1.79869e+03 2.10870e-02
6.86869e-01 1.85278e+03 2.56836e-02
6.96970e-01 1.90767e+03 3.15786e-02
7.07071e-01 1.96335e+03 3.91375e-02
7.17172e-01 2.01984e+03 4.92833e-02
7.27273e-01 2.07712e+03 6.32894e-02
7.37374e-01 2.13520e+03 8.45291e-02
7.47475e-01 2.19406e+03 1.23169e-01
7.57576e-01 2.24718e+03 4.29388e+00
