0.00000e+00 0.00000e+00 0.00000e+00
1.01010e-02 4.00694e-01 0.00000e+00
2.02020e-02 1.60278e+00 0.00000e+00
3.03030e-02 3.60625e+00 0.00000e+00
4.04040e-02 6.41110e+00 0.00000e+00
5.05051e-02 1.00173e+01 2.78693e-14
6.06061e-02 1.44250e+01 1.01369e-11
7.07071e-02 1.96340e+01 1.59053e-10
8.08081e-02 2.56444e+01 8.61700e-10
9.09091e-02 3.24562e+01 3.30758e-09
1.01010e-01 4.00694e+01 9.55371e-09
1.11111e-01 4.84840e+01 2.35666e-08
1.21212e-01 5.76999e+01 5.16384e-08
1.31313e-01 6.77173e+01 1.04908e-07
1.41414e-01 7.85360e+01 1.95984e-07
1.51515e-01 9.01561e+01 3.50153e-07
1.61616e-01 1.02578e+02 5.97092e-07
1.71717e-01 1.15801e+02 9.78385e-07
1.81818e-01 1.29825e+02 1.55617e-06
1.91919e-01 1.44651e+02 2.41670e-06
2.02020e-01 1.60278e+02 3.63490e-06
2.12121e-01 1.76706e+02 5.37972e-06
2.22222e-01 1.93936e+02 7.80007e-06
2.32323e-01 2.11967e+02 1.11559e-05
2.42424e-01 2.30800e+02 1.56556e-05
2.52525e-01 2.50434e+02 2.17443e-05
2.62626e-01 2.70869e+02 2.98057e-05
2.72727e-01 2.92106e+02 4.03776e-05
2.82828e-01 3.14144e+02 5.45037e-05
2.92929e-01 3.36984e+02 7.22764e-05
3.03030e-01 3.60624e+02 9.51224e-05
3.13131e-01 3.85067e+02 1.25117e-04
3.23232e-01 4.10310e+02 1.62864e-04
3.33333e-01 4.36355e+02 2.10669e-04
3.43434e-01 4.63202e+02 2.71984e-04
3.53535e-01 4.90850e+02 3.47598e-04
3.63636e-01 5.19299e+02 4.43868e-04
3.73737e-01 5.48549e+02 5.63735e-04
3.83838e-01 5.78601e+02 7.15772e-04
3.93939e-01 6.09454e+02 9.04088e-04
4.04040e-01 6.41109e+02 1.14082e-03
4.14141e-01 6.73565e+02 1.43775e-03
4.24242e-01 7.06822e+02 1.80791e-03
4.34343e-01 7.40880e+02 2.27900e-03
4.44444e-01 7.75740e+02 2.87487e-03
4.54545e-01 8.11401e+02 3.63343e-03
4.64646e-01 8.47863e+02 4.61697e-03
4.74747e-01 8.85126e+02 5.90510e-03
4.84848e-01 9.23189e+02 7.61204e-03
4.94949e-01 9.62054e+02 1.00186e-02
5.05051e-01 1.00172e+03 1.35301e-02
5.15152e-01 1.04218e+03 1.94351e-02
5.25253e-01 1.08311e+03 2.81913e-01
