0.00000e+00 5.55892e-01 1.60277e+00
1.01010e-02 5.90663e-01 1.60729e+00
2.02020e-02 6.28692e-01 1.61297e+00
3.03030e-02 6.69508e-01 1.62052e+00
4.04040e-02 7.11822e-01 1.63133e+00
5.05051e-02 7.51863e-01 1.64902e+00
6.06061e-02 7.76642e-01 1.68566e+00
7.07071e-02 7.79638e-01 1.74538e+00
8.08081e-02 7.79774e-01 1.80830e+00
9.09091e-02 7.79513e-01 1.87144e+00
1.01010e-01 7.77141e-01 1.93678e+00
1.11111e-01 7.79874e-01 1.99712e+00
1.21212e-01 7.77859e-01 2.06240e+00
1.31313e-01 7.76982e-01 2.12648e+00
1.41414e-01 7.73454e-01 2.19313e+00
1.51515e-01 7.74810e-01 2.25477e+00
1.61616e-01 7.72558e-01 2.32018e+00
1.71717e-01 7.71711e-01 2.38416e+00
1.81818e-01 7.69573e-01 2.44931e+00
1.91919e-01 7.69829e-01 2.51222e+00
2.02020e-01 7.71953e-01 2.57339e+00
2.12121e-01 7.68505e-01 2.64028e+00
2.22222e-01 7.65659e-01 2.70628e+00
2.32323e-01 7.63293e-01 2.77152e+00
2.42424e-01 7.63458e-01 2.83440e+00
2.52525e-01 7.60494e-01 2.90040e+00
2.62626e-01 7.58185e-01 2.96554e+00
2.72727e-01 7.55121e-01 3.03137e+00
2.82828e-01 7.56096e-01 3.09313e+00
2.92929e-01 7.54396e-01 3.15767e+00
3.03030e-01 7.54642e-01 3.22021e+00
3.13131e-01 7.50949e-01 3.28676e+00
3.23232e-01 7.50352e-01 3.35014e+00
3.33333e-01 7.48474e-01 3.41487e+00
3.43434e-01 7.45423e-01 3.48060e+00
3.53535e-01 7.44295e-01 3.54446e+00
3.63636e-01 7.43816e-01 3.60758e+00
3.73737e-01 7.41630e-01 3.67249e+00
3.83838e-01 7.40800e-01 3.73595e+00
3.93939e-01 7.41025e-01 3.79858e+00
4.04040e-01 7.38373e-01 3.86403e+00
4.14141e-01 7.37102e-01 3.92799e+00
4.24242e-01 7.33089e-01 3.99476e+00
4.34343e-01 7.29846e-01 4.06054e+00
4.44444e-01 7.28034e-01 4.12483e+00
4.54545e-01 7.26429e-01 4.18890e+00
4.64646e-01 7.24493e-01 4.25334e+00
4.74747e-01 7.22343e-01 4.31790e+00
4.84848e-01 7.20237e-01 4.38241e+00
4.94949e-01 7.17935e-01 4.44703e+00
5.05051e-01 7.15749e-01 4.51144e+00
5.15152e-01 7.13920e-01 4.57558e+00
5.25253e-01 7.10066e-01 4.64155e+00
5.35354e-01 7.10662e-01 4.70312e+00
5.45455e-01 7.05620e-01 4.77025e+00
5.55556e-01 7.04247e-01 4.83357e+00
5.65657e-01 7.02666e-01 4.89715e+00
5.75758e-01 7.00745e-01 4.96109e+00
5.85859e-01 6.98077e-01 5.02582e+00
5.95960e-01 6.93383e-01 5.09244e+00
6.06061e-01 6.93548e-01 5.15418e+00
6.16162e-01 6.90513e-01 5.21911e+00
6.26263e-01 6.85079e-01 5.28641e+00
6.36364e-01 6.80725e-01 5.35229e+00
6.46465e-01 6.77118e-01 5.41716e+00
6.56566e-01 6.74443e-01 5.48107e+00
6.66667e-01 6.69325e-01 5.54721e+00
6.76768e-01 6.64948e-01 5.61242e+00
6.86869e-01 6.62682e-01 5.67546e+00
6.96970e-01 6.60695e-01 5.73815e+00
7.07071e-01 6.56535e-01 5.80311e+00
7.17172e-01 6.52938e-01 5.86726e+00
7.27273e-01 6.50194e-01 5.93063e+00
7.37374e-01 6.43954e-01 5.99731e+00
7.47475e-01 6.41365e-01 6.06019e+00
7.57576e-01 6.37493e-01 6.12426e+00
7.67677e-01 6.27784e-01 6.19396e+00
7.77778e-01 6.20490e-01 6.26043e+00
7.87879e-01 6.20277e-01 6.31976e+00
7.97980e-01 6.13337e-01 6.38575e+00
8.08081e-01 6.07013e-01 6.45065e+00
8.18182e-01 6.02579e-01 6.51355e+00
8.28283e-01 5.94587e-01 6.57960e+00
8.38384e-01 5.85554e-01 6.64634e+00
8.48485e-01 5.80534e-01 6.70857e+00
8.58586e-01 5.69990e-01 6.77606e+00
8.68687e-01 5.62889e-01 6.83941e+00
8.78788e-01 5.53586e-01 6.90438e+00
8.88889e-01 5.41915e-01 6.97114e+00
8.98990e-01 5.31147e-01 7.03598e+00
9.09091e-01 5.20986e-01 7.09962e+00
9.19192e-01 5.10391e-01 7.16280e+00
9.29293e-01 4.97355e-01 7.22758e+00
9.39394e-01 4.80982e-01 7.29454e+00
9.49495e-01 4.63803e-01 7.36090e+00
9.59596e-01 4.44605e-01 7.42785e+00
9.69697e-01 4.18522e-01 7.50006e+00
9.79798e-01 3.88643e-01 7.57490e+00
9.89899e-01 3.37478e-01 7.67073e+00
1.00000e+00 1.95776e-01 7.85702e+00
