3.92699e-01 1.26716e+00 4.41979e-01
4.04599e-01 1.23876e+00 4.44539e-01
4.16499e-01 1.21152e+00 4.48456e-01
4.28399e-01 1.18369e+00 4.55245e-01
4.40299e-01 1.15512e+00 4.64786e-01
4.52199e-01 1.12443e+00 4.78177e-01
4.64099e-01 1.09744e+00 4.89344e-01
4.75999e-01 1.07069e+00 5.01726e-01
4.87899e-01 1.04610e+00 5.13326e-01
4.99799e-01 1.02248e+00 5.25189e-01
5.11699e-01 9.98342e-01 5.38716e-01
5.23599e-01 9.74353e-01 5.53078e-01
5.35499e-01 9.55004e-01 5.63795e-01
5.47399e-01 9.33814e-01 5.77274e-01
5.59299e-01 9.13625e-01 5.90623e-01
5.71199e-01 8.92803e-01 6.05295e-01
5.83099e-01 8.75758e-01 6.16944e-01
5.94999e-01 8.58425e-01 6.29570e-01
6.06899e-01 8.41411e-01 6.42579e-01
6.18799e-01 8.24768e-01 6.55839e-01
6.30699e-01 8.09963e-01 6.67798e-01
6.42598e-01 7.96465e-01 6.79095e-01
6.54498e-01 7.80708e-01 6.93120e-01
6.66398e-01 7.68208e-01 7.04401e-01
6.78298e-01 7.52829e-01 7.18930e-01
6.90198e-01 7.43304e-01 7.28127e-01
7.02098e-01 7.30188e-01 7.41407e-01
7.13998e-01 7.18526e-01 7.53608e-01
7.25898e-01 7.08037e-01 7.65003e-01
7.37798e-01 6.95727e-01 7.78654e-01
7.49698e-01 6.86804e-01 7.89213e-01
7.61598e-01 6.72834e-01 8.05124e-01
7.73498e-01 6.63446e-01 8.16670e-01
7.85398e-01 6.53721e-01 8.28865e-01
7.97298e-01 6.45862e-01 8.39529e-01
8.09198e-01 6.37130e-01 8.51382e-01
8.21098e-01 6.28173e-01 8.63721e-01
8.32998e-01 6.18590e-01 8.76913e-01
8.44898e-01 6.11329e-01 8.88031e-01
8.56798e-01 6.02351e-01 9.01077e-01
8.68698e-01 5.91853e-01 9.15824e-01
8.80598e-01 5.85537e-01 9.26506e-01
8.92498e-01 5.75067e-01 9.41503e-01
9.04398e-01 5.68836e-01 9.52441e-01
9.16298e-01 5.62522e-01 9.63662e-01
9.28198e-01 5.54447e-01 9.76818e-01
9.40098e-01 5.47064e-01 9.89383e-01
9.51998e-01 5.39124e-01 1.00264e+00
9.63898e-01 5.34058e-01 1.01317e+00
9.75798e-01 5.25701e-01 1.02709e+00
9.87698e-01 5.20258e-01 1.03826e+00
9.99598e-01 5.13566e-01 1.05076e+00
1.01150e+00 5.06151e-01 1.06412e+00
1.02340e+00 5.01194e-01 1.07510e+00
1.03530e+00 4.93717e-01 1.08868e+00
1.04720e+00 4.86748e-01 1.10179e+00
1.05910e+00 4.81012e-01 1.11372e+00
1.07100e+00 4.77131e-01 1.12400e+00
1.08290e+00 4.69544e-01 1.13802e+00
1.09480e+00 4.63568e-01 1.15047e+00
1.10670e+00 4.58034e-01 1.16258e+00
1.11860e+00 4.51837e-01 1.17537e+00
1.13050e+00 4.48062e-01 1.18586e+00
1.14240e+00 4.39764e-01 1.20086e+00
1.15430e+00 4.35735e-01 1.21163e+00
1.16620e+00 4.32510e-01 1.22179e+00
1.17810e+00 4.23442e-01 1.23778e+00
1.19000e+00 4.17212e-01 1.25084e+00
1.20190e+00 4.12700e-01 1.26224e+00
1.21380e+00 4.07051e-01 1.27477e+00
1.22570e+00 4.00509e-01 1.28824e+00
1.23760e+00 3.96234e-01 1.29942e+00
1.24950e+00 3.90652e-01 1.31198e+00
1.26140e+00 3.84721e-01 1.32487e+00
1.27330e+00 3.79423e-01 1.33714e+00
1.28520e+00 3.75276e-01 1.34827e+00
1.29710e+00 3.68964e-01 1.36157e+00
1.30900e+00 3.63562e-01 1.37389e+00
1.32090e+00 3.58516e-01 1.38597e+00
1.33280e+00 3.53995e-01 1.39745e+00
1.34470e+00 3.46198e-01 1.41215e+00
1.35660e+00 3.41980e-01 1.42323e+00
1.36850e+00 3.36306e-01 1.43582e+00
1.38040e+00 3.28476e-01 1.45039e+00
1.39230e+00 3.23234e-01 1.46226e+00
1.40420e+00 3.18123e-01 1.47396e+00
1.41610e+00 3.10247e-01 1.48836e+00
1.42800e+00 3.05501e-01 1.49947e+00
1.43990e+00 2.99173e-01 1.51211e+00
1.45180e+00 2.94601e-01 1.52292e+00
1.46370e+00 2.87681e-01 1.53595e+00
1.47560e+00 2.78867e-01 1.55059e+00
1.48750e+00 2.71191e-01 1.56381e+00
1.49940e+00 2.64602e-01 1.57571e+00
1.51130e+00 2.56631e-01 1.58875e+00
1.52320e+00 2.46952e-01 1.60310e+00
1.53510e+00 2.36461e-01 1.61763e+00
1.54700e+00 2.21704e-01 1.63565e+00
1.55890e+00 2.03283e-01 1.65471e+00
1.57080e+00 1.92004e-01 1.66395e+00
