9.01268e-01
9.34936e-01
9.66220e-01
9.88895e-01
1.00116e+00
9.97240e-01
1.00322e+00
1.00400e+00
1.00750e+00
1.01134e+00
1.00959e+00
1.00243e+00
1.00958e+00
1.00522e+00
1.00269e+00
9.94201e-01
9.98344e-01
9.98628e-01
9.96922e-01
9.95908e-01
9.97899e-01
1.00281e+00
9.95617e-01
1.00047e+00
9.90405e-01
1.00333e+00
9.98760e-01
9.99145e-01
1.00341e+00
9.98151e-01
1.00568e+00
9.90829e-01
9.93743e-01
9.93720e-01
1.00126e+00
1.00403e+00
1.00429e+00
1.00061e+00
1.00642e+00
1.00329e+00
9.93954e-01
1.00132e+00
9.88600e-01
9.95499e-01
1.00104e+00
9.97508e-01
9.96284e-01
9.92058e-01
9.99922e-01
9.92740e-01
9.98650e-01
9.98072e-01
9.93840e-01
1.00029e+00
9.95187e-01
9.91608e-01
9.92829e-01
1.00219e+00
9.94191e-01
9.93682e-01
9.94051e-01
9.91742e-01
1.00042e+00
9.88533e-01
9.95827e-01
1.00610e+00
9.90705e-01
9.87206e-01
9.91228e-01
9.90483e-01
9.85786e-01
9.91366e-01
9.90889e-01
9.88655e-01
9.89714e-01
9.95704e-01
9.91613e-01
9.91992e-01
9.93644e-01
9.98316e-01
9.87703e-01
9.94011e-01
9.93837e-01
9.62797e-01
9.41660e-01
9.20381e-01
8.86702e-01
8.66377e-01
8.38488e-01
8.17688e-01
7.86764e-01
7.46496e-01
7.08885e-01
6.75665e-01
6.34465e-01
5.85988e-01
5.32982e-01
4.66758e-01
3.96044e-01
3.46306e-01
