0.00000e+00 0.00000e+00
2.04082e-02 2.04032e-02
4.08163e-02 4.07767e-02
6.12245e-02 6.10908e-02
8.16327e-02 8.13160e-02
1.02041e-01 1.01423e-01
1.22449e-01 1.21384e-01
1.42857e-01 1.41169e-01
1.63265e-01 1.60751e-01
1.83673e-01 1.80104e-01
2.04082e-01 1.99200e-01
2.24490e-01 2.18014e-01
2.44898e-01 2.36522e-01
2.65306e-01 2.54699e-01
2.85714e-01 2.72524e-01
3.06122e-01 2.89974e-01
3.26531e-01 3.07029e-01
3.46939e-01 3.23669e-01
3.67347e-01 3.39876e-01
3.87755e-01 3.55635e-01
4.08163e-01 3.70928e-01
4.28571e-01 3.85742e-01
4.48980e-01 4.00063e-01
4.69388e-01 4.13880e-01
4.89796e-01 4.27183e-01
5.10204e-01 4.39961e-01
5.30612e-01 4.52208e-01
5.51020e-01 4.63917e-01
5.71429e-01 4.75082e-01
5.91837e-01 4.85700e-01
6.12245e-01 4.95767e-01
6.32653e-01 5.05282e-01
6.53061e-01 5.14244e-01
6.73469e-01 5.22653e-01
6.93878e-01 5.30512e-01
7.14286e-01 5.37821e-01
7.34694e-01 5.44583e-01
7.55102e-01 5.50804e-01
7.75510e-01 5.56486e-01
7.95918e-01 5.61635e-01
8.16327e-01 5.66256e-01
8.36735e-01 5.70353e-01
8.57143e-01 5.73932e-01
8.77551e-01 5.76997e-01
8.97959e-01 5.79549e-01
9.18367e-01 5.81588e-01
9.38776e-01 5.83105e-01
9.59184e-01 5.84066e-01
9.79592e-01 5.84187e-01
9.89796e-01 7.44769e-04
